0  0.000000   0.000000
0  1.123523   0.915450
0  2.172733   0.973842
0  3.414834   0.100026
0  3.414834   0.100026
0  3.500651   0.660838
0  3.746749   1.493401
0  3.964903   1.543809
0  4.221185   0.795233
0  4.443659   -0.555818
0  4.402135   -0.429722
0  3.759623   0.580350
0  3.251671   0.634892
0  2.637636   -0.198548
0  2.248445   -1.296845
0  1.321903   -0.705864
0  -0.511760   -0.625979
0  -2.279725   -1.599605
1  0.680057   0.413408
1  1.875904   0.439498
1  2.860700   -0.116192
1  2.919754   0.054157
1  3.306457   0.622095
1  3.614318   0.638322
1  3.970487   0.152774
1  4.114258   -0.246794
1  3.987271   0.633848
1  3.758340   1.442159
1  3.577711   1.465048
1  3.371526   0.789301
1  3.209402   -0.293924
1  2.498604   0.275931
1  1.940268   0.291996
1  1.160170   -0.288526
2  1.569074   0.483624
2  3.593672   0.009699
2  3.593672   0.009699
2  4.733126   2.127136
2  5.666797   2.755893
2  6.407704   2.376963
2  7.045070   1.295794
2  6.896315   2.791096
2  6.835545   3.012466
2  6.800059   2.914290
2  6.750390   2.458537
2  6.427078   2.897168
2  6.050415   3.082353
2  5.517547   2.883387
2  4.731509   1.909940
3  0.000023   0.000006
3  0.002165   -0.000415
3  0.524396   0.678158
3  1.265844   1.026628
3  2.075543   0.735619
3  2.953502   -0.308092
3  3.102897   0.829698
3  3.243712   1.217605
3  3.396674   0.895380
3  3.608325   -0.579374
3  2.915020   0.788103
3  2.267109   1.250335
3  1.517202   0.841214
3  0.448324   -1.087623
3  -1.551815   -0.455950
3  -3.538992   -0.935869
3  -3.538992   -0.935869
4  0.043041   0.002806
4  1.066456   0.983247
4  2.201519   1.119246
4  3.653778   0.075978
4  3.686398   0.025203
4  3.708312   0.268468
4  3.905584   1.436454
4  4.080806   1.566204
4  4.257368   0.782322
4  4.392519   -0.517820
4  4.392519   -0.517819
4  3.672937   0.501372
4  3.273991   0.572042
4  2.903718   0.178782
4  2.614176   -0.487540
4  2.449446   -0.383344
4  1.164128   -0.281664
4  -0.124144   -0.892701
5  0.000002   -0.000000
5  0.468325   0.616842
5  2.014083   1.428840
5  3.619888   1.000867
5  5.117704   -0.584332
5  5.463442   1.603151
5  5.720797   2.252552
5  5.944779   1.965802
5  6.223528   0.548681
5  5.158045   2.953183
5  4.200497   3.815017
5  3.191713   3.354366
5  1.778032   0.790908
5  -0.715421   1.743185
5  -3.485434   1.206457
5  -3.595865   1.121487
6  0.000000   0.000000
6  1.104069   0.107288
6  1.262955   0.043186
6  1.761815   0.640376
6  2.082432   0.702767
6  2.445604   0.409353
6  2.657137   0.026387
6  2.657080   0.076161
6  2.655680   0.743127
6  2.654458   0.837716
6  2.653090   0.398175
6  2.651559   -0.704222
6  1.895700   0.196097
6  1.292184   0.312951
6  0.650357   -0.202999
6  0.326221   -0.786889
7  0.607365   0.240348
7  1.299316   0.123620
7  1.334325   0.097954
7  1.562456   0.600814
7  1.828285   0.842316
7  2.221767   0.689927
7  3.010296   -0.637206
7  2.789539   1.008019
7  2.615449   1.542756
7  2.438853   1.311519
7  2.166851   -0.236288
7  1.537060   0.635964
7  -0.413707   1.749507
7  -2.216468   1.310826
7  -4.059734   -0.638427
8  0.972042   0.666244
8  3.283629   0.894447
8  5.045004   0.034962
8  5.045009   0.034977
8  5.633024   1.010089
8  5.921219   1.078926
8  6.168636   0.786824
8  6.476762   -0.014325
8  6.465157   0.070827
8  6.272261   0.833435
8  6.114555   0.923238
8  5.890905   0.293756
8  5.563710   -1.734402
8  4.581518   -0.848675
8  3.336701   -0.686988
8  1.772821   -1.691017
8  1.770035   -1.694956
9  1.251492   0.215675
9  1.816201   0.035637
9  3.529370   2.269419
9  5.040559   2.781220
9  6.608151   1.799060
9  7.777898   -0.062889
9  7.822200   1.597724
9  7.856031   1.927097
9  7.888696   1.338753
9  7.921553   -0.164763
9  6.857142   1.326887
9  6.038649   1.624817
9  5.285014   1.117328
9  4.768052   0.232922
9  4.210477   0.332538
9  3.901579   0.230442
10  0.000000   0.000000
10  2.227586   0.827525
10  4.323739   0.352228
10  4.476321   0.226350
10  5.405434   2.468927
10  6.062593   3.076567
10  6.574920   2.787420
10  7.114544   1.679353
10  6.847395   2.997909
10  6.725666   3.228074
10  6.639212   3.128299
10  6.530093   2.670114
10  6.338758   2.903587
10  5.705136   3.199775
10  5.127774   3.035042
10  4.694304   2.585060
11  0.001460   0.001254
11  1.381779   0.378046
11  2.565988   0.007101
11  2.565988   0.007101
11  3.420961   1.782391
11  3.942942   2.126744
11  4.308919   1.849691
11  4.699805   1.000003
11  4.603205   1.481336
11  4.558285   1.552447
11  4.474319   1.399913
11  4.258547   0.274392
11  3.657039   0.955615
11  2.789701   1.267696
11  1.771986   0.847488
11  1.082262   0.029748
12  0.000636   -0.000037
12  0.001420   0.001135
12  1.135206   0.789055
12  2.324543   0.665886
12  3.595978   -0.481033
12  3.822899   1.200881
12  3.994769   1.793654
12  4.091800   1.743784
12  4.171092   1.388800
12  3.770599   2.390651
12  3.382610   2.842285
12  3.139492   2.800113
12  2.846242   2.357021
12  2.071284   2.742937
12  0.898893   2.655935
12  0.292689   2.264083
13  0.000000   0.000000
13  1.098161   0.970843
13  2.506140   1.155408
13  4.057879   0.190395
13  4.058339   0.189763
13  4.070485   0.270258
13  4.410597   1.487474
13  4.621612   1.599452
13  4.794846   1.163326
13  4.986966   0.094031
13  4.986952   0.094077
13  4.351715   1.204036
13  3.901432   1.320698
13  3.339634   0.630166
13  2.705075   -1.094172
13  2.104895   -0.672706
13  0.731370   -0.529689
13  -0.771711   -1.272186
14  0.211287   0.153048
14  1.620234   0.364355
14  2.642827   -0.069640
14  3.060861   0.641811
14  3.312997   0.730657
14  3.548280   0.496043
14  3.824132   -0.151293
14  3.824129   -0.151270
14  3.657147   0.661789
14  3.523564   0.796459
14  3.357699   0.323271
14  3.085781   -1.502348
14  1.936442   -0.351085
14  0.771711   -0.109528
14  -0.667079   -0.953937
14  -0.915381   -1.296885
15  0.000000   0.000000
15  0.425862   0.342033
15  1.079419   0.370931
15  2.442841   -0.603536
15  2.522791   -0.085453
15  2.740858   0.641092
15  2.937945   0.677243
15  3.184505   -0.053781
15  3.414039   -1.456974
15  3.359692   -1.293046
15  2.732613   -0.320532
15  2.215721   -0.276400
15  1.627625   -1.088031
15  1.334601   -1.921855
15  0.191445   -1.202776
15  -1.315869   -1.150577
15  -2.188854   -1.639247
16  0.000000   0.000000
16  0.846672   0.649631
16  1.651767   0.664030
16  2.831345   -0.198838
16  2.929168   0.393178
16  3.190070   1.191967
16  3.449434   1.210477
16  3.741793   0.357104
16  3.905015   -0.607405
16  3.747700   -0.129051
16  3.016650   0.995523
16  2.457762   1.015564
16  1.914365   0.218625
16  1.753683   -0.258444
16  1.005301   0.201601
16  0.098641   0.214593
16  -0.728803   -0.270340
17  0.336063   0.028610
17  0.337274   0.028135
17  1.325245   1.090877
17  2.335412   1.255378
17  3.444865   0.423297
17  3.651002   0.080526
17  3.658789   0.258186
17  3.764758   1.565951
17  3.830532   1.688835
17  3.877051   1.288565
17  3.914618   0.571898
17  3.372409   1.278283
17  2.935842   1.364386
17  2.413363   0.889797
17  2.084613   0.227727
17  2.082009   0.229338
17  1.105506   0.320806
17  0.620891   0.111743
18  1.170437   0.956503
18  3.986036   1.489117
18  6.978993   0.175544
18  6.978993   0.175544
18  7.755165   1.880902
18  8.463929   2.241367
18  9.214248   1.356008
18  9.946436   -0.744299
18  9.946436   -0.744299
18  9.365585   1.109154
18  8.993012   1.384344
18  8.690123   0.865286
18  8.376449   -0.441479
18  7.559218   0.313878
18  6.778472   0.480918
18  5.570505   -0.118705
18  5.529076   -0.168698
19  0.940881   0.423390
19  1.825388   0.314548
19  1.980309   0.206707
19  2.358604   1.113155
19  2.865039   1.646919
19  3.456805   1.476364
19  4.322475   0.064984
19  4.048452   1.983867
19  3.768576   2.845933
19  3.506147   2.624891
19  3.207522   1.202015
19  3.118277   1.328974
19  1.695448   2.219292
19  0.525159   2.019040
19  -0.570121   0.958851
20  2.269603   1.584114
20  4.422055   1.595988
20  6.318375   0.293334
20  6.644049   1.765713
20  7.096488   2.792515
20  7.368485   2.797393
20  7.751478   1.941935
20  8.060411   0.556324
20  7.804775   1.479771
20  7.296969   2.400599
20  6.827244   2.407331
20  6.175551   1.244266
20  5.840207   0.042496
20  4.055468   1.198742
20  2.238666   1.208044
20  0.731334   0.246952
21  0.853799   0.849646
21  2.313166   1.294536
21  3.540322   0.821549
21  3.761636   0.583479
21  4.198470   1.987055
21  4.459464   2.243950
21  4.717778   1.922486
21  5.132188   0.483139
21  4.709225   1.589129
21  4.330347   1.892627
21  3.873237   1.429674
21  3.229893   -0.388804
21  2.850111   -0.035875
21  1.428670   0.368782
21  0.115641   -0.103817
21  0.077100   -0.142534
22  0.012988   0.001300
22  0.012988   0.001300
22  0.490057   0.485651
22  1.076454   0.593177
22  2.067743   -0.049702
22  2.259674   -0.333842
22  2.260274   -0.327247
22  2.405038   0.547055
22  2.555944   0.711663
22  2.734913   0.021219
22  2.943935   -1.819558
22  2.120708   -0.560440
22  1.448909   -0.374861
22  0.755986   -1.051850
22  0.217110   -2.253681
22  0.100164   -2.174299
22  -1.255015   -2.008157
22  -2.197924   -2.417001
23  0.000000   0.000000
23  0.304384   -0.013272
23  0.313744   0.002345
23  1.474733   0.923381
23  2.600239   0.831357
23  3.821485   -0.337185
23  3.946798   1.336496
23  4.071942   2.131252
23  4.171249   2.066253
23  4.277979   1.248719
23  4.044507   1.767972
23  3.573736   2.265826
23  3.253455   2.230918
23  2.972234   1.872218
23  2.341750   2.179972
23  1.351251   2.130143
23  1.224812   2.055703
24  2.288106   1.942255
24  4.307064   2.202189
24  6.129276   1.124613
24  6.129277   1.124612
24  6.140564   1.187885
24  6.749220   3.033760
24  7.208148   3.244856
24  7.700528   2.204577
24  8.225532   -0.255321
24  8.225368   -0.254735
24  7.322500   1.486270
24  6.626099   1.689946
24  5.917011   0.737381
24  5.298982   -1.103855
24  3.663779   0.092415
24  1.787194   0.300638
24  0.586789   -0.311154
25  0.000634   0.000017
25  0.709160   0.597442
25  1.397587   0.630440
25  2.299534   -0.043614
25  2.299534   -0.043614
25  2.409513   0.836520
25  2.677149   1.938756
25  2.896722   1.990161
25  3.133013   1.127654
25  3.326656   -0.331352
25  3.289115   -0.227190
25  2.535769   0.848491
25  2.020292   0.890331
25  1.610174   0.371312
25  1.471956   0.010252
25  0.836015   0.397195
25  -0.347811   0.438141
25  -1.149201   0.005965
26  0.974560   0.521620
26  3.118884   0.477893
26  4.147340   -0.114518
26  4.377908   0.451493
26  5.359743   1.634094
26  6.262629   1.592661
26  7.272301   0.283863
26  7.082359   2.146232
26  6.865890   3.187621
26  6.695928   3.156470
26  6.497706   2.130198
26  6.497706   2.130198
26  5.070880   3.275356
26  3.777838   3.235817
26  1.980852   1.683677
27  1.678332   1.157184
27  4.050386   1.238177
27  6.626791   -0.362275
27  6.778898   0.231231
27  7.432669   1.539086
27  7.936390   1.588988
27  8.434993   0.690334
27  8.796073   -0.647020
27  8.613601   0.142836
27  8.075500   1.337030
27  7.618754   1.387228
27  7.024981   0.199996
27  6.568198   -1.676851
27  4.731353   -0.365827
27  2.859116   -0.299652
27  1.109741   -1.424581
28  1.146330   0.533893
28  3.509640   0.345699
28  3.759615   0.189463
28  4.232014   1.240105
28  4.988984   2.015581
28  5.504699   1.925249
28  5.935100   1.333549
28  5.780995   3.050616
28  5.696556   3.483983
28  5.625024   3.421212
28  5.489544   2.488113
28  5.427260   2.587114
28  3.992310   3.637727
28  2.497985   3.450662
28  0.636916   1.622111
29  0.000000   0.000000
29  0.000255   -0.000049
29  1.202033   1.543206
29  3.381707   2.564625
29  5.672069   1.770046
29  7.793813   -0.696388
29  8.179545   1.988843
29  8.434158   2.635651
29  8.674233   2.184148
29  9.020018   0.005106
29  8.115583   1.845522
29  7.303308   2.448692
29  6.492651   2.003041
29  5.580104   0.322085
29  3.591276   0.966344
29  1.823235   0.542334
29  1.823203   0.542308
30  0.067299   0.017304
30  0.229050   -0.017583
30  0.655470   0.572786
30  1.377227   0.924780
30  2.336115   0.532504
30  3.417018   -0.879026
30  3.535654   0.712307
30  3.622571   1.122990
30  3.703111   0.803765
30  3.810523   -0.555217
30  2.597817   1.560488
30  1.730151   2.093715
30  1.049686   1.742927
30  0.492781   0.826500
30  -0.172456   1.018431
30  -0.676707   0.896394
31  0.000000   0.000000
31  1.622366   0.753757
31  3.817972   0.373306
31  5.093728   -0.661537
31  5.754342   1.349735
31  6.274445   2.017037
31  6.615278   1.853944
31  6.858005   1.310224
31  6.538061   2.589337
31  6.358372   2.892075
31  6.193322   2.788364
31  5.907745   1.948341
31  5.906354   1.950020
31  4.430892   2.700315
31  2.430521   2.320933
31  0.501913   0.608662
32  1.610903   1.147795
32  3.933167   1.375910
32  6.100303   0.257544
32  6.101114   0.260333
32  6.893970   1.724951
32  7.578685   1.899327
32  8.387207   0.817582
32  9.139045   -1.385699
32  9.115539   -1.249251
32  8.639467   0.234778
32  8.318330   0.372788
32  8.058005   -0.214956
32  7.873247   -1.128625
32  6.925626   -0.327548
32  6.272832   -0.251469
32  5.673621   -0.618347
32  5.673621   -0.618347
33  1.252262   0.230124
33  1.853399   0.044400
33  3.149704   1.773101
33  3.980491   2.074062
33  4.499791   1.757787
33  4.914140   1.102973
33  4.929162   1.801027
33  4.938626   1.920494
33  4.953744   1.599672
33  4.985259   -0.135746
33  4.405291   0.684772
33  3.631226   0.982259
33  2.618878   0.328153
33  1.615694   -1.353759
33  0.069073   -1.061018
33  -0.749745   -1.321582
34  0.818651   0.199357
34  1.508440   0.012718
34  2.090150   0.919704
34  2.566415   1.158391
34  3.094988   0.864058
34  3.790775   -0.259537
34  3.737645   1.168521
34  3.701411   1.481568
34  3.666524   1.146679
34  3.620714   -0.128600
34  2.823965   0.984528
34  2.045158   1.334262
34  1.313151   0.969022
34  0.650382   0.010009
35  0.857708   0.865734
35  1.782400   1.129462
35  2.647443   0.749757
35  2.840399   0.525331
35  2.987232   1.062606
35  3.081368   1.159935
35  3.194369   0.980124
35  3.422227   0.019379
35  3.206149   0.505884
35  2.938906   0.675903
35  2.507944   0.253937
35  1.832565   -1.498300
35  1.567556   -1.270155
35  -0.187878   -0.843133
35  -1.853987   -1.466893
35  -1.853994   -1.466899
36  0.685301   0.208598
36  1.262534   0.082925
36  1.792249   0.999044
36  2.115474   1.204919
36  2.452636   1.051315
36  3.139718   -0.012352
36  3.091585   0.887423
36  3.045784   1.202741
36  2.986952   0.913038
36  2.895083   -0.624223
36  2.052777   0.605051
36  1.087364   1.123947
36  0.278885   0.813134
36  -0.405687   -0.081171
37  0.680333   0.445921
37  2.104633   0.497155
37  3.812021   -0.499111
37  3.902492   -0.195994
37  4.712301   1.198881
37  5.436520   1.267341
37  6.180283   0.126846
37  6.504198   -0.897166
37  6.353081   -0.090872
37  5.962911   0.979380
37  5.693975   1.019866
37  5.449499   0.422866
37  5.282973   -0.415500
37  4.787923   -0.037506
37  4.389389   -0.020806
37  3.881551   -0.366003
38  0.001902   -0.000215
38  0.220798   0.308968
38  1.512813   1.089297
38  2.540036   0.879191
38  3.425366   -0.017684
38  3.649716   1.637082
38  3.791079   2.082927
38  3.904265   1.962034
38  4.045812   1.213243
38  3.605753   2.220642
38  3.264547   2.554637
38  3.007459   2.469411
38  2.589358   1.782943
38  1.830041   2.104653
38  0.803058   1.957296
38  0.642279   1.843038
39  0.000000   0.000000
39  0.657484   0.011669
39  0.657499   0.011662
39  0.657499   0.011662
39  1.296784   0.634944
39  1.919479   0.656391
39  2.767915   -0.112365
39  2.772280   -0.120424
39  2.789801   0.443887
39  2.821784   0.968190
39  2.852327   0.985877
39  2.891850   0.383745
39  2.930350   -0.811632
39  2.929121   -0.808961
39  2.330716   -0.146769
39  1.807722   -0.126324
39  1.193774   -0.757717
39  1.140280   -0.869836
39  1.092574   -0.844302
39  -0.133754   -0.821116
39  -0.324478   -0.915985
40  0.000000   0.000000
40  1.085100   0.373789
40  2.132758   0.122128
40  2.148137   0.109441
40  2.701822   1.348178
40  3.067495   1.651479
40  3.393211   1.463088
40  3.833247   0.589080
40  3.700356   1.318094
40  3.588289   1.546016
40  3.437836   1.332639
40  3.169962   0.028025
40  2.574868   0.761303
40  1.421353   1.288257
40  0.422292   0.969998
40  -0.374667   0.098171
41  0.172110   0.044819
41  0.528098   -0.032912
41  1.371210   1.162709
41  2.332970   1.643201
41  3.180316   1.288237
41  3.879947   0.352536
41  4.022727   2.837195
41  4.101880   3.322456
41  4.148989   3.080287
41  4.188102   2.438367
41  3.542151   3.532761
41  3.201325   3.736192
41  2.966286   3.618560
41  2.574907   2.993197
41  1.707998   3.239906
41  0.276890   2.898408
42  0.092103   0.024269
42  0.325150   -0.024326
42  1.416198   1.495633
42  2.583631   2.078281
42  3.583146   1.683524
42  4.443754   0.574217
42  4.554818   2.034341
42  4.614051   2.313318
42  4.657967   2.149640
42  4.706786   1.555818
42  4.264937   2.336905
42  3.857924   2.594668
42  3.412269   2.371323
42  2.725582   1.248160
42  1.509883   1.608862
42  -0.419953   1.155747
43  0.573104   0.231678
43  1.839528   0.062294
43  1.844240   0.059129
43  2.492662   1.381592
43  3.408406   2.182871
43  4.247848   1.939851
43  5.133601   0.651961
43  5.008632   2.201306
43  4.932595   2.605747
43  4.879998   2.513186
43  4.817787   1.963321
43  4.537397   2.393609
43  3.868437   2.834043
43  3.384842   2.728700
43  2.815638   2.105961
44  0.686583   0.145822
44  1.056162   0.040239
44  1.825362   1.129003
44  2.418941   1.380171
44  3.199015   0.936178
44  4.392479   -0.927388
44  4.399876   0.434035
44  4.407066   0.829560
44  4.415083   0.236239
44  4.424812   -1.738832
44  2.901634   0.450832
44  1.736635   0.951493
44  0.882776   0.457911
44  0.046796   -0.867844
44  -1.378735   -0.562724
44  -2.418820   -0.862169
45  0.036737   0.040607
45  1.631576   0.725702
45  3.214708   0.335903
45  4.230724   -0.600875
45  4.866391   1.566369
45  5.371837   2.236073
45  5.830901   1.887437
45  6.383094   0.317071
45  5.497715   3.100677
45  4.893451   3.838980
45  4.403249   3.495680
45  3.814753   1.952366
45  3.807311   1.960372
45  2.190164   2.636543
45  0.503468   2.232308
45  -0.338019   1.477118
46  0.094917   0.090308
46  2.073921   0.725672
46  4.223646   0.060690
46  4.396972   -0.102188
46  5.223318   2.024942
46  5.971797   2.675082
46  6.771404   2.005883
46  7.733432   -0.440010
46  7.009415   2.201597
46  6.468028   2.868132
46  5.987719   2.298379
46  5.447746   0.352531
46  4.441543   1.426797
46  2.421718   2.154468
46  0.512753   1.491839
46  -0.420942   0.507265
47  0.603994   0.118652
47  1.369240   -0.116926
47  2.270854   1.157600
47  3.035360   1.460567
47  3.785420   0.994763
47  4.536308   -0.235444
47  4.518665   1.205085
47  4.505997   1.495044
47  4.493603   1.050475
47  4.477508   -0.472504
47  3.573275   0.762944
47  2.930814   1.009025
47  2.454904   0.723366
47  2.091947   0.148624
48  0.409229   0.190931
48  2.258381   0.093255
48  2.288810   0.075843
48  2.656696   0.830537
48  4.033140   2.166740
48  5.141908   2.044880
48  6.211058   0.771976
48  6.115159   3.210699
48  6.037894   4.140490
48  5.980985   4.062956
48  5.912023   3.045179
48  5.852582   3.150180
48  4.575719   4.217509
48  3.095265   4.077404
48  1.177106   2.110957
49  0.926617   0.253492
49  2.229268   -0.050536
49  3.367840   1.751914
49  4.562633   2.414851
49  5.630944   1.909145
49  6.504002   0.598165
49  6.472320   2.375138
49  6.452834   2.758197
49  6.438240   2.513445
49  6.423225   1.714632
49  5.488505   3.115300
49  4.899903   3.424438
49  4.547885   3.266707
49  4.144052   2.692716
50  2.052087   0.484729
50  4.109449   -0.080920
50  6.254690   3.198783
50  7.916646   4.001845
50  9.338194   3.202334
50  10.760189   0.915698
50  10.703323   2.821227
50  10.672951   3.142883
50  10.643363   2.778150
50  10.593920   1.035520
50  9.472074   2.607212
50  8.149782   3.192720
50  6.597969   2.392927
50  4.961704   -0.018246
51  1.753292   1.356206
51  3.917808   1.627330
51  5.988975   0.544103
51  5.989163   0.544866
51  6.554879   1.788949
51  7.128485   1.993217
51  7.921243   0.814459
51  8.851943   -2.284706
51  8.850085   -2.275796
51  8.003959   -0.068562
51  7.257395   0.246805
51  6.432590   -1.207976
51  5.621380   -4.412254
51  2.375025   -1.754377
51  -0.968529   -1.311092
51  -3.566875   -2.749456
51  -3.566875   -2.749456
52  0.000001   0.000000
52  0.004782   -0.000853
52  1.362866   1.802787
52  3.291021   2.768867
52  4.991876   2.214388
52  6.687870   0.258842
52  6.966178   2.395815
52  7.200298   3.074020
52  7.442052   2.618360
52  7.745940   0.592512
52  6.504153   3.113911
52  5.587732   3.815912
52  4.920432   3.483321
52  4.244720   2.292144
52  2.456474   2.897081
52  0.470947   2.460057
52  0.470803   2.459945
53  0.006099   -0.000220
53  0.006107   -0.000209
53  1.554899   1.157693
53  3.199906   1.049950
53  5.177960   -0.687989
53  5.400048   1.166714
53  5.656234   2.191550
53  5.883714   2.111826
53  6.138145   0.915674
53  5.683651   2.048399
53  4.726946   3.190554
53  3.971167   3.111507
53  3.230085   2.071751
53  2.341860   2.533109
53  1.487143   2.494215
53  1.214679   2.327896
54  0.011690   0.001697
54  0.011690   0.001697
54  1.574940   1.726612
54  3.066136   2.124140
54  4.429405   1.346737
54  4.888240   0.701119
54  4.888240   0.701119
54  5.108770   2.192449
54  5.234630   2.398080
54  5.324130   2.085289
54  5.452989   0.974072
54  5.053843   1.627844
54  4.714312   1.762204
54  4.141265   1.277127
54  3.263185   -0.556917
54  3.258192   -0.553270
54  1.200836   -0.190173
54  -1.031327   -1.032868
55  0.027861   0.031188
55  0.661610   0.307546
55  1.342911   0.139069
55  1.881936   -0.362569
55  2.133618   0.527192
55  2.328278   0.795266
55  2.520946   0.644801
55  2.842544   -0.300393
55  2.516027   0.696338
55  2.256900   1.004477
55  1.934416   0.787013
55  1.355142   -0.683082
55  1.353099   -0.680905
55  -0.559442   0.113331
55  -2.735755   -0.399184
55  -3.739145   -1.288461
56  0.003011   0.000675
56  0.004300   0.000377
56  0.702742   0.871530
56  1.103183   1.036280
56  1.503487   0.866373
56  1.957303   0.294426
56  2.029072   0.839798
56  2.093317   1.000834
56  2.175108   0.789330
56  2.330988   -0.407573
56  1.620976   0.910799
56  1.028168   1.273883
56  0.367708   0.856558
56  -0.587045   -0.934772
56  -0.587045   -0.934772
56  -2.871347   -0.311389
56  -5.250137   -0.981109
57  0.000000   0.000000
57  0.871465   0.787035
57  1.710747   0.915524
57  2.454169   0.471754
57  2.455954   0.469348
57  2.457453   0.479260
57  2.720962   1.431263
57  2.949772   1.571394
57  3.209856   0.950331
57  3.541912   -0.838886
57  3.541912   -0.838886
57  3.046108   0.056570
57  2.566332   0.203459
57  1.970287   -0.508069
57  1.353139   -2.170454
57  0.472663   -1.534351
57  -1.472345   -1.296149
57  -2.970394   -2.011493
58  0.530417   0.224770
58  2.126429   0.069248
58  2.127493   0.068590
58  2.675898   1.150942
58  3.715912   2.071415
58  4.647504   1.881818
58  5.575043   0.683348
58  5.465315   3.128235
58  5.381640   3.964306
58  5.325196   3.834617
58  5.276068   3.117973
58  5.036851   3.519048
58  4.436405   3.970500
58  3.933517   3.883556
58  3.092819   2.960769
59  1.778505   0.488143
59  3.769819   -0.047674
59  4.370331   1.028502
59  4.734407   1.247422
59  5.053034   1.059594
59  5.513348   0.240102
59  5.422939   1.089301
59  5.360653   1.285596
59  5.295900   1.085530
59  5.199086   0.182172
59  4.609092   0.947468
59  4.031711   1.198759
59  3.440617   0.946554
59  2.838412   0.170566
60  0.000000   -0.000000
60  0.000025   0.000035
60  0.939509   0.602796
60  2.104091   0.469275
60  3.594513   -0.828716
60  3.684782   -0.311078
60  3.787245   -0.041394
60  3.886072   -0.087876
60  4.013808   -0.544235
60  3.874651   -0.164671
60  3.636817   0.133082
60  3.280211   0.053303
60  2.663383   -0.994921
60  1.080455   -0.194435
60  -0.882957   -0.371864
60  -1.865774   -1.046504
61  0.003889   -0.000066
61  0.003889   -0.000066
61  1.111829   0.860744
61  2.337129   0.822947
61  4.064177   -0.625425
61  4.237224   0.801341
61  4.518675   1.939033
61  4.787569   1.895879
61  5.081826   0.611975
61  4.742313   1.486003
61  3.644221   2.871931
61  2.803841   2.829820
61  1.932975   1.643400
61  0.560949   2.392315
61  -1.664770   2.344080
61  -2.834427   1.654931
62  0.024332   0.002324
62  0.024332   0.002324
62  1.553625   1.540352
62  3.042372   1.800707
62  4.621402   0.764945
62  4.792944   0.509901
62  4.795847   0.541417
62  5.023487   1.894730
62  5.169274   2.045439
62  5.288852   1.581783
62  5.411293   0.505693
62  5.062925   1.035206
62  4.863569   1.087897
62  4.566526   0.793417
62  4.159692   -0.120755
62  4.050544   -0.047206
62  2.683269   0.113004
62  1.496687   -0.408498
63  0.827928   0.639641
63  1.984128   0.762837
63  3.481345   -0.074820
63  3.485577   -0.056593
63  3.825978   0.730863
63  4.132126   0.828538
63  4.480001   0.245771
63  4.807674   -0.956622
63  4.801888   -0.931555
63  4.362210   0.091422
63  3.995674   0.209039
63  3.572073   -0.504677
63  3.112031   -2.202531
63  1.651882   -1.072284
63  -0.108008   -0.884404
63  -1.919764   -1.899983
64  0.000002   0.000002
64  1.770861   0.625812
64  3.365847   0.222722
64  3.459119   0.142615
64  4.015579   1.498166
64  4.320534   1.771772
64  4.579612   1.605543
64  4.957567   0.781434
64  4.640895   2.213115
64  4.439831   2.547910
64  4.274652   2.351219
64  4.075785   1.546466
64  3.715104   1.969362
64  2.833930   2.349885
64  1.765664   2.019982
64  0.583383   0.779205
65  0.294905   0.305270
65  2.049145   0.938237
65  4.210947   0.260497
65  5.131504   -0.648860
65  5.754375   1.330934
65  6.322738   1.960639
65  6.911449   1.393919
65  7.648001   -0.840202
65  6.791754   1.701971
65  6.191892   2.322763
65  5.662234   1.846500
65  4.971775   -0.109753
65  4.686512   0.178902
65  2.193467   1.058235
65  -0.390048   0.266483
65  -1.077439   -0.397291
66  1.965332   0.723061
66  3.847927   0.396112
66  3.848027   0.396041
66  4.638042   1.963387
66  5.413307   2.585577
66  6.287534   2.254384
66  7.479969   0.393909
66  7.236025   3.061994
66  7.045270   3.905974
66  6.881332   3.563588
66  6.701011   2.012568
66  5.941302   3.118554
66  4.757078   3.815950
66  3.703118   3.522960
66  2.295999   1.911968
67  1.271496   0.112738
67  1.383576   0.067390
67  2.574452   1.435003
67  3.380756   1.576088
67  4.125609   0.981354
67  4.336207   0.608197
67  4.337445   0.707086
67  4.349766   1.239680
67  4.357609   1.291340
67  4.366274   1.030920
67  4.380702   0.068560
67  3.883732   0.671312
67  3.339486   0.771886
67  2.546670   0.103334
67  2.128393   -0.679397
67  2.128393   -0.679397
67  0.447772   -0.526260
67  0.005656   -0.710090
68  0.340762   0.171141
68  1.743109   0.130875
68  1.962838   0.007903
68  2.106722   0.324829
68  3.009870   1.291846
68  3.833575   1.241424
68  4.730614   0.171128
68  4.609117   2.199569
68  4.488327   3.179866
68  4.395647   3.136864
68  4.289957   2.181039
68  4.288974   2.182753
68  3.671496   2.705867
68  2.831544   2.665185
68  1.500814   1.408914
69  0.314949   0.114301
69  0.709107   0.059556
69  1.048480   0.648616
69  1.658533   1.093022
69  2.486763   0.862121
69  3.684741   -0.678537
69  3.678000   0.933298
69  3.671133   1.622388
69  3.664665   1.374016
69  3.657731   0.145533
69  2.955358   1.347214
69  2.249026   1.854393
69  1.683083   1.698873
69  0.917605   0.728520
70  1.092044   0.989867
70  2.596700   1.316676
70  4.084847   0.614214
70  4.095773   0.601526
70  4.615024   2.116081
70  4.975335   2.367909
70  5.295047   1.882278
70  5.673930   0.466452
70  5.291324   1.382783
70  5.010315   1.544048
70  4.629044   1.068520
70  4.000290   -0.860692
70  3.032650   -0.039212
70  0.939945   0.386496
70  -1.368724   -0.634174
70  -1.368725   -0.634175
71  0.160528   0.151920
71  2.145359   0.767396
71  4.168207   0.107546
71  4.274795   0.004955
71  4.891868   1.610583
71  5.194366   1.868483
71  5.398802   1.685132
71  5.749742   0.756443
71  5.584089   1.331582
71  5.435560   1.500552
71  5.165355   1.177193
71  4.602161   -0.811482
71  4.194886   -0.387397
71  2.757371   0.103059
71  0.950641   -0.545390
71  0.289999   -1.245008
72  0.541372   0.270463
72  0.991332   0.217580
72  1.542711   -0.187485
72  1.722450   0.336731
72  1.918922   0.593085
72  2.150485   0.522007
72  2.523440   -0.193580
72  2.166594   1.507714
72  1.814928   2.257785
72  1.521512   2.110560
72  1.225137   1.181000
72  1.225119   1.181024
72  0.240986   1.758536
72  -0.718508   1.626079
72  -1.743517   0.741578
73  0.000000   0.000000
73  1.843497   1.048305
73  3.584370   0.836950
73  4.736265   -0.097772
73  5.187486   1.734683
73  5.488885   2.287658
73  5.654954   2.222608
73  5.832922   1.756667
73  5.576241   2.606638
73  5.423650   2.834912
73  5.239140   2.775980
73  4.853280   1.952251
73  4.062512   2.372436
73  2.859425   2.235950
73  1.810028   1.440238
74  0.482109   0.168310
74  1.530493   0.005906
74  2.075371   0.943150
74  2.911369   1.531597
74  3.760800   1.266294
74  4.666366   0.063210
74  4.651254   1.666229
74  4.641299   2.098375
74  4.634510   1.967602
74  4.628605   1.483803
74  4.300746   2.030039
74  4.086769   2.175923
74  3.820724   2.095439
74  3.081857   1.144656
75  0.871982   0.147434
75  1.203829   0.037171
75  1.409898   0.107043
75  1.766640   -0.130669
75  2.422579   -1.227236
75  2.422579   -1.227236
75  2.418918   -0.997848
75  2.414719   -1.514813
75  2.408973   -3.289671
75  1.531420   -2.995303
75  0.893233   -3.415999
75  0.574534   -3.943079
76  2.009854   0.393105
76  3.196719   0.007178
76  4.175681   1.470462
76  4.806541   1.727927
76  5.439052   1.298772
76  6.110806   0.113057
76  6.044081   1.264591
76  5.998288   1.480372
76  5.959417   1.175867
76  5.909295   0.154400
76  5.265614   0.974474
76  4.761082   1.149981
76  4.205519   0.828690
76  3.683161   0.042806
77  1.670384   0.990175
77  3.519733   0.958888
77  4.903050   0.092076
77  5.129803   0.790686
77  5.553115   1.433609
77  5.925959   1.417448
77  6.396296   0.662331
77  6.200378   1.736106
77  5.941986   2.434235
77  5.742318   2.418839
77  5.532155   1.818605
77  4.092815   2.847690
77  2.924293   2.823846
77  1.826748   1.994344
78  0.331908   0.363613
78  0.883270   0.561329
78  1.717278   0.245796
78  2.397760   -0.513120
78  2.492263   -0.119573
78  2.634788   0.074704
78  2.892220   -0.295520
78  3.331654   -2.158458
78  2.641803   -0.563574
78  2.003748   -0.080722
78  1.358382   -0.595989
78  0.672114   -2.211172
78  0.648646   -2.189937
78  -0.422557   -1.872682
78  -1.250176   -2.131287
78  -1.254407   -2.135185
79  0.157565   0.132063
79  1.317652   0.401981
79  2.471656   -0.028244
79  2.471656   -0.028244
79  2.917700   0.919373
79  3.260063   1.121284
79  3.623907   0.777459
79  4.085885   -0.368112
79  3.841473   0.602935
79  3.663333   0.799406
79  3.485078   0.484396
79  3.216574   -0.760735
79  2.470404   0.005275
79  1.653761   0.238002
79  0.699297   -0.197833
79  0.376076   -0.585129
80  0.000090   0.000083
80  1.023378   0.328634
80  2.386435   -0.051708
80  2.405310   -0.068303
80  2.909229   1.092525
80  3.210759   1.334625
80  3.545447   1.101085
80  4.293598   -0.543706
80  4.020665   0.712013
80  3.747371   1.150267
80  3.390345   0.652701
80  2.848671   -1.725723
80  1.957272   -0.699720
80  0.088471   0.049999
80  -1.716897   -0.579444
80  -2.777098   -1.744052
81  0.293439   0.366007
81  2.151897   1.286930
81  4.189542   0.764806
81  6.032048   -1.092456
81  6.611994   1.821642
81  7.025224   2.646555
81  7.346631   2.314778
81  7.688781   0.925381
81  6.943613   2.771211
81  6.387182   3.318792
81  5.774398   3.006962
81  4.759602   0.975497
81  2.277866   1.955157
81  -0.627861   1.362028
81  -1.087862   0.992648
82  0.000000   -0.000000
82  0.590186   0.742016
82  1.888549   1.350785
82  3.071230   0.972906
82  3.859848   0.099199
82  4.166476   1.920952
82  4.329068   2.281206
82  4.417943   2.147016
82  4.506771   1.681964
82  3.981544   2.826868
82  3.574612   3.157677
82  3.017248   2.848916
82  2.038374   0.968633
82  0.467251   1.508249
82  -1.509837   1.045517
82  -1.521297   1.036217
83  2.477952   1.084599
83  4.842789   0.677198
83  5.648422   0.046992
83  6.415790   2.108269
83  6.982064   2.743759
83  7.221539   2.637983
83  7.677734   1.723022
83  7.327144   3.392981
83  7.131117   3.783077
83  6.928405   3.624302
83  6.568315   2.343641
83  6.521327   2.402959
83  5.317777   3.037708
83  4.052570   2.775078
83  2.632457   1.436541
84  0.097771   0.114356
84  1.645258   0.833634
84  3.027561   0.501850
84  4.139619   -0.548878
84  4.572989   1.168355
84  4.914896   1.706748
84  5.215583   1.462242
84  5.568846   0.331449
84  4.858716   2.358995
84  4.371081   2.912280
84  3.953755   2.667761
84  3.384964   1.355866
84  3.384964   1.355867
84  1.906659   1.972408
84  0.456269   1.660041
84  -0.091443   1.195693
85  0.135568   0.166717
85  1.610894   0.889894
85  3.520362   0.413668
85  5.383984   -1.429430
85  5.859934   0.818148
85  6.220406   1.496664
85  6.524864   1.205081
85  6.910982   -0.261284
85  5.829193   2.515087
85  5.060267   3.301686
85  4.398437   2.957209
85  3.474663   1.050571
85  3.474663   1.050571
85  1.210135   1.961363
85  -1.199193   1.468323
85  -1.714981   1.049774
86  0.000000   -0.000000
86  0.380426   0.483191
86  1.488240   1.042819
86  2.440950   0.795301
86  3.623654   -0.416701
86  3.860398   0.862683
86  4.096161   1.369417
86  4.375669   1.060449
86  4.782762   -0.714534
86  3.964413   1.246856
86  3.210262   1.965754
86  2.522493   1.628572
86  1.730632   0.097300
86  0.154080   0.712340
86  -1.156702   0.449351
86  -1.292773   0.341666
87  0.000000   -0.000000
87  0.008880   0.012252
87  0.759361   0.471348
87  1.648749   0.332375
87  2.822983   -0.752910
87  3.000652   0.303672
87  3.223744   0.891901
87  3.473729   0.723536
87  3.796873   -0.563775
87  3.236174   0.879571
87  2.586536   1.621021
87  2.021943   1.456424
87  1.416779   0.412884
87  0.537428   0.825414
87  -0.564156   0.693410
87  -1.002735   0.382548
88  1.778676   1.130661
88  3.304248   1.071219
88  5.032291   -0.161919
88  5.351071   1.121895
88  5.819136   2.036380
88  6.340155   1.973985
88  7.102430   0.302107
88  6.644181   2.021220
88  5.968058   3.251739
88  5.415618   3.190111
88  4.853050   2.040743
88  3.011389   3.184094
88  1.408767   3.123108
88  0.109901   2.217885
89  0.173147   0.220188
89  0.925611   0.608489
89  1.407330   0.493067
89  1.730238   0.171693
89  1.981860   1.481198
89  2.075674   1.679318
89  2.150032   1.606406
89  2.343276   0.819330
89  1.978105   1.727586
89  1.496093   2.214077
89  0.874292   1.922683
89  -0.048882   0.125678
89  -2.348993   1.062545
89  -4.570036   0.642497
89  -4.905180   0.379222
90  0.000000   -0.000000
90  0.068744   0.090676
90  1.636218   0.971456
90  3.392224   0.628657
90  5.483136   -1.362605
90  5.907406   0.941578
90  6.326872   1.912051
90  6.755856   1.567246
90  7.284500   -0.505636
90  6.060942   2.632747
90  5.045176   3.742650
90  4.321193   3.467818
90  3.732307   2.377262
90  2.343255   2.991181
90  1.345508   2.837981
90  1.052723   2.618667
91  0.000000   -0.000000
91  0.579483   0.426915
91  1.364696   0.420450
91  2.506816   -0.439777
91  2.547515   -0.203344
91  2.686714   0.198735
91  2.886753   0.192277
91  3.184982   -0.688418
91  2.972550   -0.045934
91  2.294495   0.973731
91  1.730312   0.964248
91  1.166230   0.097015
91  -0.339631   0.995417
91  -1.742881   0.986060
91  -2.561958   0.486473
92  1.600237   0.857486
92  3.645104   0.715208
92  5.110808   -0.274149
92  5.590836   1.114299
92  6.205281   1.948746
92  6.691167   1.863067
92  7.185125   1.018042
92  6.801348   3.095285
92  6.437249   4.020581
92  6.150340   3.925907
92  5.834270   2.914075
92  5.834270   2.914075
92  4.304975   3.917984
92  2.944410   3.802012
92  1.775486   2.835397
93  1.684806   0.996724
93  3.547065   0.949588
93  4.895416   0.083653
93  5.278136   1.290974
93  5.909052   2.265272
93  6.391495   2.233397
93  6.912522   1.359948
93  6.655092   2.690521
93  6.345265   3.474446
93  6.068541   3.444490
93  5.736226   2.531712
93  4.724908   3.234988
93  3.763458   3.206383
93  2.777518   2.462086
94  1.332947   0.796161
94  2.458433   0.740148
94  3.702536   -0.126778
94  3.908556   0.599586
94  4.236311   1.154260
94  4.679709   1.091737
94  5.393507   -0.317558
94  5.007308   1.316351
94  4.539054   2.267265
94  4.159847   2.203101
94  3.746370   1.223501
94  1.794665   2.462093
94  0.053319   2.370015
94  -1.551896   1.181554
95  1.701190   0.478163
95  2.978471   0.152429
95  3.624395   1.290237
95  3.966564   1.497555
95  4.244432   1.344802
95  4.620998   0.702622
95  4.590550   1.047264
95  4.552635   1.194877
95  4.491763   0.979853
95  4.387483   -0.162851
95  3.829829   0.586295
95  3.112827   0.917602
95  2.312785   0.582191
95  1.469739   -0.514238
96  0.000055   0.000038
96  1.411032   0.222370
96  2.422548   -0.160037
96  3.023735   0.737389
96  3.398611   0.864593
96  3.683158   0.632941
96  3.946539   0.114726
96  3.946539   0.114726
96  3.855632   0.999160
96  3.788734   1.147108
96  3.716134   0.761897
96  3.625452   -0.400960
96  2.931252   0.391983
96  2.171156   0.589339
96  1.324977   0.062212
96  0.946885   -0.507021
97  1.684462   1.091210
97  3.074309   0.991242
97  4.364531   -0.030181
97  4.807415   2.130875
97  5.244660   3.141537
97  5.542685   3.065051
97  5.745033   2.493474
97  5.487523   3.294790
97  5.190863   3.732084
97  5.025557   3.705029
97  4.905877   3.489437
97  4.338886   3.806293
97  3.346267   3.744702
97  2.194218   2.957929
98  1.133415   0.788428
98  3.194093   0.968602
98  4.993853   0.031369
98  5.719455   1.319601
98  6.308483   1.451044
98  6.951646   0.596221
98  7.512288   -1.019175
98  7.199778   -0.014497
98  6.938042   0.091266
98  6.648115   -0.606504
98  6.371975   -2.047264
98  5.107108   -0.980193
98  3.838191   -0.845641
98  2.585907   -1.636522
98  2.585907   -1.636522
99  0.422189   0.207186
99  0.972547   0.178181
99  1.104814   0.099331
99  1.184715   0.280322
99  1.515173   0.635525
99  2.081803   0.570118
99  3.028666   -0.666242
99  2.877654   1.131200
99  2.710375   2.075993
99  2.578372   1.995927
99  2.468338   1.240973
99  2.460829   1.253293
99  1.480460   2.016557
99  0.700942   1.951382
99  -0.303895   1.001043
100  1.033796   0.299457
100  2.739055   -0.115101
100  3.681037   1.543033
100  4.693034   2.170442
100  5.701727   1.645603
100  6.783031   -0.150015
100  6.548959   2.787009
100  6.391214   3.484132
100  6.245255   2.942782
100  6.041095   0.526120
100  4.427665   2.743917
100  2.573171   3.641743
100  0.757987   2.904208
100  -0.943023   0.698400
101  0.309528   0.311752
101  1.504283   0.720002
101  2.331508   0.452163
101  2.511775   0.273831
101  2.736566   0.950648
101  2.937132   1.155521
101  3.264918   0.838254
101  3.932969   -1.137363
101  3.546599   0.038427
101  3.112823   0.486274
101  2.568064   -0.046659
101  1.846641   -2.203009
101  1.401537   -1.753109
101  -0.858857   -0.977975
101  -2.952290   -1.658204
101  -3.496737   -2.198726
102  0.654389   0.546199
102  1.509990   0.705186
102  2.197615   0.386793
102  2.197615   0.386793
102  2.357559   0.766973
102  2.494332   0.839350
102  2.651997   0.631450
102  2.861373   -0.031522
102  2.861373   -0.031522
102  2.665652   0.517225
102  2.486274   0.629189
102  2.209977   0.199449
102  1.684425   -1.763430
102  1.249164   -1.379616
102  0.261347   -1.185697
102  -1.373439   -1.985396
102  -1.375177   -1.987438
103  0.000052   0.000041
103  1.680682   0.384882
103  3.613221   -0.256779
103  4.362239   1.091169
103  4.975450   1.411038
103  5.512806   1.004602
103  6.039516   -0.066913
103  5.866063   1.055955
103  5.766708   1.242387
103  5.670184   0.979763
103  5.502057   -0.250592
103  4.809100   0.550869
103  4.307993   0.718861
103  3.670242   0.408851
103  3.056131   -0.394062
104  0.000000   0.000000
104  1.861677   0.856473
104  3.617153   0.553425
104  4.337510   -0.026689
104  5.099618   2.240532
104  5.616856   2.888361
104  5.912813   2.749268
104  6.118572   2.298155
104  5.637374   4.279634
104  5.351197   4.775763
104  5.164249   4.654148
104  4.994628   4.139400
104  4.992644   4.141814
104  4.607501   4.339115
104  4.289998   4.278083
104  3.942337   3.966323
105  0.651764   0.421832
105  1.207367   0.410697
105  2.084442   -0.192118
105  2.253158   0.474383
105  2.718447   1.379420
105  3.218377   1.349307
105  3.827491   0.091138
105  3.509860   1.339258
105  2.942179   2.437591
105  2.491830   2.410609
105  2.074184   1.552514
105  0.145814   2.798373
105  -1.209604   2.771256
105  -2.074827   2.177642
106  0.000000   0.000000
106  0.320038   -0.002092
106  0.320040   -0.002087
106  1.121989   0.702800
106  2.146081   0.690141
106  3.581270   -0.606823
106  3.682195   1.037273
106  3.812482   2.091064
106  3.913520   2.079571
106  4.035060   1.068882
106  3.918970   1.331468
106  2.910601   2.463925
106  2.190958   2.452559
106  1.195313   1.302943
106  0.543085   1.645411
106  -2.171152   1.625369
106  -2.709939   1.334508
107  0.744860   0.276327
107  2.003610   0.080140
107  2.003610   0.080140
107  2.587485   1.188030
107  3.256665   1.712694
107  3.903564   1.499607
107  4.687483   0.368540
107  4.605349   1.742389
107  4.556431   2.080488
107  4.504868   1.930761
107  4.400406   0.602100
107  3.909494   1.361342
107  3.026433   1.925665
107  2.106262   1.678612
107  1.094894   0.489220
108  0.000000   0.000000
108  0.056894   -0.006826
108  0.290422   0.336623
108  1.213425   0.913141
108  2.229058   0.688203
108  3.465443   -0.631713
108  3.614359   0.791227
108  3.704276   1.156128
108  3.789123   1.034037
108  3.926032   0.084422
108  3.534504   0.916324
108  2.973818   1.422283
108  2.355277   1.224367
108  1.589901   0.043901
108  0.057170   0.666267
108  -1.660922   0.418900
108  -1.684246   0.402713
109  0.000000   0.000000
109  0.021589   -0.001983
109  0.098489   0.112953
109  0.741934   0.539686
109  1.356075   0.436391
109  2.121170   -0.328392
109  2.256322   0.869671
109  2.362892   1.288861
109  2.454845   1.197130
109  2.567957   0.526531
109  2.095040   1.592958
109  1.539926   2.148414
109  1.006372   2.013016
109  0.201434   0.799048
109  -0.844621   1.263343
109  -2.341307   1.094867
109  -2.525588   0.971585
110  0.998716   0.424983
110  2.592107   0.156979
110  3.034859   -0.180365
110  3.717625   1.532556
110  4.377958   2.224188
110  4.918148   2.000548
110  5.403890   1.089589
110  5.067014   2.921309
110  4.864309   3.381458
110  4.716510   3.248842
110  4.541700   2.538307
110  4.466798   2.636036
110  4.040485   2.868260
110  3.575980   2.768246
110  2.819149   2.030072
111  0.297509   0.087062
111  0.680269   0.007987
111  1.105210   0.679942
111  1.491985   0.905961
111  1.904427   0.735809
111  2.472149   -0.064376
111  2.474063   0.917818
111  2.475434   1.177860
111  2.477041   0.962780
111  2.480205   -0.484724
111  1.878395   0.472814
111  1.062348   0.952644
111  0.027734   0.523169
111  -1.388510   -1.485358
111  -2.391795   -1.190852
111  -3.791242   -1.480862
112  0.000032   0.000031
112  2.012417   0.719011
112  3.851199   0.250383
112  3.979426   0.139211
112  4.705800   1.954682
112  5.065340   2.285867
112  5.235946   2.173766
112  5.412972   1.778060
112  5.191944   2.733458
112  5.087722   2.899491
112  4.951727   2.744948
112  4.623965   1.477876
112  4.293471   1.860926
112  2.756791   2.517331
112  0.781654   1.915495
112  -0.799550   0.276466
113  0.000000   0.000000
113  0.684479   0.590130
113  1.082794   0.630253
113  1.391589   0.426234
113  1.391590   0.426233
113  1.411349   0.560700
113  1.575583   1.154215
113  1.708811   1.210467
113  1.846000   0.830543
113  1.986534   -0.007177
113  1.985688   -0.004550
113  1.546087   0.720329
113  1.009563   0.823695
113  0.141822   -0.272810
113  -0.690597   -2.536922
113  -1.523591   -1.977719
113  -3.442060   -1.827244
113  -5.186624   -2.724730
114  0.000000   -0.000000
114  0.216654   0.283281
114  0.614422   0.491445
114  1.066555   0.373498
114  1.784885   -0.377202
114  2.001263   0.933808
114  2.224993   1.476359
114  2.467771   1.182885
114  2.782428   -0.340892
114  2.171860   1.063656
114  1.568712   1.618985
114  1.043689   1.378023
114  0.472197   0.327262
114  -0.667824   0.768347
114  -1.776370   0.554548
114  -1.831532   0.511927
115  0.081419   0.067651
115  1.943850   0.507507
115  3.932060   -0.205370
115  3.932060   -0.205370
115  4.938432   1.857902
115  5.672926   2.285926
115  6.272940   1.755086
115  6.741928   0.651946
115  6.306708   2.560754
115  6.039607   2.893729
115  5.860973   2.555647
115  5.746421   1.979246
115  5.113680   2.649688
115  4.605729   2.802669
115  4.282993   2.655103
115  4.195827   2.549140
116  0.000540   0.000215
116  0.762285   -0.059459
116  1.013842   0.359787
116  2.713395   1.649011
116  4.388978   1.398557
116  6.254758   -0.574527
116  6.425880   2.526698
116  6.563671   3.663309
116  6.664532   3.499369
116  6.769133   2.296507
116  6.123195   3.615651
116  5.260515   4.417535
116  4.620283   4.300270
116  3.783627   3.216094
116  2.817424   3.641198
116  0.493016   3.439683
116  0.474421   3.428277
117  0.054326   0.003889
117  1.679810   1.562646
117  3.097743   1.748212
117  4.840059   0.533455
117  4.891579   0.454873
117  4.920254   0.752931
117  5.216386   2.404708
117  5.444210   2.578133
117  5.662556   1.692656
117  5.857307   -0.035169
117  5.857307   -0.035169
117  4.691290   1.668921
117  3.902647   1.826216
117  3.062392   0.933393
117  2.377414   -0.658890
117  1.999251   -0.414563
117  -0.275661   -0.213975
117  -2.253424   -1.143014
118  1.061090   0.130521
118  1.291335   0.045768
118  2.092423   1.012486
118  2.967949   1.224112
118  3.902263   0.548295
118  4.312611   -0.144526
118  4.312648   -0.142234
118  4.348039   1.079493
118  4.368901   1.223748
118  4.385065   0.889279
118  4.404369   -0.043075
118  4.007250   0.472173
118  3.545933   0.592062
118  2.793367   0.006789
118  2.040225   -1.360381
118  2.040225   -1.360381
118  -0.142217   -1.082023
118  -1.290151   -1.520165
119  0.677953   0.382437
119  1.905628   0.391412
119  2.384663   0.128188
119  2.449101   0.291158
119  2.905302   0.871806
119  3.220460   0.877004
119  3.608462   0.395959
119  3.701393   0.163992
119  3.646905   0.701667
119  3.561574   1.125430
119  3.473440   1.131102
119  3.333893   0.456065
119  3.199662   -0.851222
119  1.895071   0.246542
119  0.433626   0.262478
119  -1.342074   -1.192982
119  -1.342074   -1.192982
120  0.003438   0.000079
120  1.452203   1.230219
120  2.652266   1.280294
120  3.882298   0.338529
120  3.882298   0.338529
120  4.160342   1.564114
120  4.370500   1.609637
120  4.572167   0.808079
120  4.694260   -0.188926
120  4.000460   0.769372
120  3.432171   0.807945
120  2.797474   0.017445
120  2.569990   -0.564648
120  1.988891   -0.217692
120  0.957877   -0.187440
120  0.128271   -0.634088
121  0.022371   0.020509
121  1.638065   0.513701
121  2.895707   0.128558
121  2.905276   0.119776
121  3.161315   0.723941
121  3.407154   0.917098
121  3.738110   0.656220
121  4.227526   -0.499889
121  4.099422   0.026773
121  3.902140   0.296836
121  3.599614   -0.118642
121  3.092239   -2.206812
121  2.529112   -1.588172
121  1.077681   -1.057242
121  -0.587706   -1.668414
121  -1.442724   -2.608736
122  1.134488   1.008392
122  2.745218   1.321316
122  4.477679   0.454560
122  4.481063   0.450517
122  4.481063   0.450517
122  4.896360   1.659129
122  5.167122   1.831357
122  5.451578   1.365398
122  5.839034   -0.150413
122  5.082751   1.576978
122  4.495546   1.870123
122  3.910821   1.118393
122  3.274178   -0.836385
122  2.332527   -0.064065
122  0.740071   0.221406
122  -0.932514   -0.550739
122  -0.932514   -0.550739
123  0.268315   0.162057
123  2.935975   0.336193
123  4.145498   -0.236429
123  4.145498   -0.236427
123  5.126830   1.048445
123  5.974587   1.168409
123  7.058819   0.055661
123  7.606417   -1.145828
123  7.564671   -0.529591
123  7.390917   0.826123
123  7.240851   0.952669
123  7.070580   -0.088692
123  6.906309   -2.236562
123  5.499394   -0.857351
123  4.475024   -0.748820
123  3.543361   -1.464720
123  3.517241   -1.507630
124  0.000503   0.000453
124  1.183603   0.360137
124  2.427495   -0.003515
124  2.429806   -0.005569
124  2.848611   0.928669
124  3.127464   1.138702
124  3.381132   0.954970
124  3.741383   0.161764
124  3.559844   1.009837
124  3.449133   1.184470
124  3.315940   0.982440
124  3.048459   -0.250923
124  2.650329   0.203352
124  2.031093   0.441924
124  0.966833   0.047635
124  -0.119232   -1.175530
125  1.127712   0.986512
125  2.153556   1.193826
125  2.862578   0.860154
125  2.862843   0.859851
125  3.237095   1.860132
125  3.485592   2.013565
125  3.721004   1.675078
125  3.985325   0.751765
125  3.784117   1.261364
125  3.586520   1.376977
125  3.329392   1.026638
125  2.953888   -0.216320
125  2.494800   0.178147
125  1.429852   0.389537
125  -0.275304   -0.398659
125  -0.275341   -0.398699
126  0.000019   -0.000003
126  0.313737   0.422796
126  1.270717   0.951246
126  2.121205   0.744328
126  3.158053   -0.332741
126  3.281168   0.478611
126  3.383445   0.754784
126  3.528681   0.581998
126  3.781518   -0.702319
126  2.969819   1.148673
126  2.099592   1.961780
126  1.283671   1.625893
126  0.436674   0.137132
126  -1.477844   0.899635
126  -3.194612   0.598388
126  -3.299073   0.520124
127  1.283596   1.138236
127  2.944879   1.472320
127  4.502142   0.717742
127  4.504317   0.715196
127  4.504317   0.715196
127  5.131260   2.483779
127  5.541710   2.746361
127  5.892750   2.205242
127  6.226231   0.963794
127  5.827693   1.915575
127  5.601835   2.037899
127  5.395066   1.768067
127  5.134660   0.947381
127  4.825422   1.206821
127  4.338583   1.299448
127  3.512940   0.920940
127  3.512940   0.920940
128  1.781122   0.811687
128  4.905645   0.313013
128  6.268287   -0.742921
128  7.115965   1.617182
128  7.850690   2.487577
128  8.271272   2.313083
128  8.562003   1.727427
128  8.186585   3.470817
128  7.937188   3.963608
128  7.868903   3.916354
128  7.784973   3.634353
128  7.776154   3.645518
128  6.921903   4.105706
128  6.341894   3.996279
128  5.838724   3.535360
129  1.806174   0.675915
129  3.967982   0.284207
129  3.976306   0.278075
129  4.996154   2.410639
129  5.909760   3.179665
129  6.674317   2.868060
129  7.437858   1.602969
129  7.200763   3.591559
129  7.045942   4.114281
129  6.924154   3.915189
129  6.800681   3.094610
129  6.345536   3.729684
129  5.423162   4.247763
129  4.584102   4.019574
129  3.798430   3.150936
130  0.000000   0.000000
130  1.261697   0.384755
130  2.966826   -0.083488
130  2.966945   -0.083590
130  3.784456   1.636258
130  4.467898   2.131964
130  5.108817   1.713352
130  5.839523   0.228854
130  5.559631   1.784737
130  5.371533   2.145229
130  5.202272   1.853114
130  4.989979   0.713483
130  4.448348   1.362046
130  3.788940   1.634271
130  3.271989   1.442090
130  2.936998   1.054723
131  2.137642   0.403528
131  3.388028   -0.014658
131  4.789455   2.078130
131  5.848751   2.497537
131  7.049363   1.655350
131  8.404767   -0.782832
131  8.290444   0.970036
131  8.197983   1.345907
131  8.095643   0.608825
131  7.956078   -1.968889
131  6.480228   -0.124277
131  5.392995   0.236011
131  4.325611   -0.390652
131  3.324941   -1.897247
132  0.128484   0.121465
132  1.811215   0.626463
132  4.900760   -0.439920
132  5.135588   -0.672499
132  6.278487   2.373333
132  7.309987   3.245982
132  8.357673   2.226580
132  9.496437   -0.952857
132  8.416320   2.561799
132  7.779002   3.220124
132  7.397958   2.767430
132  7.132386   1.862090
132  6.376884   2.625324
132  5.465427   2.917625
132  4.449413   2.542878
132  4.066673   2.137795
133  0.012786   0.002365
133  0.012857   0.002346
133  1.435523   1.675631
133  2.723321   2.113051
133  3.742377   1.606752
133  4.322313   0.833507
133  4.518233   2.242869
133  4.623235   2.461002
133  4.694991   2.242959
133  4.777203   1.572535
133  4.284636   2.433374
133  3.923449   2.615668
133  3.546183   2.337155
133  3.099571   1.452331
133  3.099570   1.452331
133  2.270683   1.638847
133  1.456011   1.370707
134  0.288944   0.220777
134  1.278651   0.377302
134  2.698418   -0.258431
134  3.371523   1.046673
134  4.096466   1.337615
134  4.969084   0.346087
134  5.882913   -2.097367
134  5.882912   -2.097365
134  5.416521   -0.415256
134  5.075920   -0.160989
134  4.770531   -0.806460
134  4.437164   -2.464535
134  2.830032   -0.962935
134  1.367037   -0.680000
134  -0.400233   -1.647664
134  -0.462791   -1.728269
135  0.043525   0.043559
135  2.038169   0.762281
135  3.396873   0.381691
135  3.561125   0.230489
135  3.902487   1.180600
135  4.085246   1.363749
135  4.283688   1.209155
135  4.561343   0.498302
135  4.222055   1.707183
135  3.960817   2.042315
135  3.663082   1.745390
135  3.214939   0.276642
135  2.787632   0.740796
135  0.583869   1.602687
135  -1.676037   0.915596
135  -2.913377   -0.320717
136  1.661276   0.694352
136  3.944573   0.418410
136  3.962682   0.406463
136  4.650692   1.833819
136  5.235112   2.363469
136  5.591101   2.270183
136  6.000298   1.684874
136  5.888373   3.064296
136  5.800416   3.537847
136  5.715541   3.405720
136  5.601169   2.433859
136  5.342091   2.835970
136  4.248621   3.577363
136  3.133042   3.358657
136  1.757239   1.886394
137  0.031252   0.033134
137  1.441112   0.598111
137  3.080528   0.173903
137  4.063699   -0.728887
137  4.633391   1.044908
137  5.195757   1.706731
137  5.812154   1.238330
137  6.605475   -0.900980
137  5.743314   1.964693
137  5.157293   2.700916
137  4.729667   2.354022
137  4.380079   1.347655
137  4.274923   1.461598
137  2.499243   2.188833
137  0.972781   1.785159
137  0.132659   0.996743
138  2.394229   1.279968
138  4.812928   1.104178
138  6.096211   0.231592
138  6.585688   1.654837
138  7.025196   2.253142
138  7.302744   2.201777
138  7.667760   1.569771
138  7.463525   2.656661
138  7.292201   3.083520
138  7.144454   3.033475
138  6.941135   2.389165
138  6.941135   2.389165
138  5.845613   3.101788
138  4.685383   2.999184
138  3.451679   1.978475
139  1.412624   0.504597
139  2.974087   0.228812
139  2.974087   0.228812
139  3.542487   1.315234
139  3.840822   1.543833
139  4.132799   1.433211
139  4.552797   0.793139
139  4.478845   1.767147
139  4.402515   2.170180
139  4.303528   1.911751
139  4.175983   0.572323
139  3.316975   1.844861
139  1.707230   2.800858
139  0.251177   2.373297
139  -1.145032   0.724139
140  0.003609   0.000755
140  0.004166   0.000618
140  1.613982   1.963640
140  3.449867   2.668492
140  5.232864   1.863384
140  6.469319   0.272036
140  6.785873   2.618277
140  6.978134   3.066938
140  7.112022   2.699469
140  7.255124   1.580014
140  6.499943   2.952494
140  5.960289   3.261292
140  5.284506   2.806496
140  4.166706   0.662336
140  4.166706   0.662336
140  1.955012   1.226009
140  -0.596262   0.461275
141  0.493971   0.356600
141  0.995196   0.393266
141  1.541445   0.078845
141  1.556969   0.139422
141  1.777052   0.591751
141  1.975921   0.633169
141  2.231016   0.215137
141  2.495712   -0.707522
141  2.476830   -0.620529
141  2.327644   -0.258527
141  2.152782   -0.215531
141  1.807283   -0.883987
141  1.333361   -2.834359
141  0.012609   -1.826750
141  -1.933022   -1.676338
141  -4.247032   -3.083927
142  0.000000   -0.000000
142  0.937497   0.659855
142  1.760155   0.619735
142  2.558144   -0.019762
142  2.749936   1.109412
142  2.918670   1.589490
142  3.086014   1.556499
142  3.289344   0.897820
142  3.041529   1.612211
142  2.542319   2.307666
142  2.011353   2.256413
142  1.325618   1.168721
142  -0.330449   2.095395
142  -2.402667   2.015051
142  -3.592007   1.257313
143  0.788334   0.189770
143  1.689498   -0.054232
143  2.125700   0.617427
143  2.849970   0.974322
143  3.792565   0.451882
143  4.933557   -1.375166
143  4.887631   0.128726
143  4.850014   0.522921
143  4.815855   0.120283
143  4.779050   -1.133049
143  3.673968   0.422271
143  2.864833   0.786711
143  2.294745   0.497896
143  1.884801   -0.102111
144  0.904249   0.356139
144  2.231730   0.193102
144  2.231730   0.193102
144  3.056157   1.746188
144  4.120368   2.613377
144  5.082314   2.368943
144  6.228648   0.852257
144  6.175987   2.290618
144  6.132885   2.799857
144  6.093436   2.654520
144  6.046859   1.761020
144  5.674230   2.377900
144  4.961896   2.887994
144  4.187466   2.715062
144  3.031095   1.370559
145  1.221849   0.282846
145  2.124240   0.029388
145  3.052666   1.445640
145  3.921133   1.857919
145  5.096277   1.181044
145  6.600955   -1.266627
145  6.532144   0.803133
145  6.470788   1.377471
145  6.406706   0.649656
145  6.328284   -1.865820
145  4.814368   0.230894
145  3.758433   0.686006
145  3.013135   0.296251
145  2.293482   -0.766608
146  0.436417   0.010021
146  0.436417   0.010021
146  0.436417   0.010021
146  1.335938   0.867626
146  2.330904   0.911255
146  3.584387   -0.173890
146  3.587416   -0.179269
146  3.650583   1.121780
146  3.771779   2.399301
146  3.864351   2.444180
146  3.953045   1.595251
146  4.021305   0.255488
146  4.017423   0.264317
146  3.031937   1.411378
146  2.407641   1.444798
146  1.798087   0.800567
146  1.695234   0.577654
146  1.534186   0.666476
146  0.127054   0.702170
146  -0.221734   0.527498
147  0.500838   0.354574
147  2.722712   0.633795
147  4.706423   -0.272012
147  4.706423   -0.272012
147  5.277090   0.695194
147  5.694974   0.820916
147  6.139111   0.335403
147  6.568715   -0.733095
147  6.567923   -0.726887
147  6.399723   -0.003370
147  6.282356   0.086246
147  6.173699   -0.215215
147  6.036168   -1.083365
147  4.874261   0.018004
147  4.024045   0.161061
147  3.254601   -0.309359
147  3.225817   -0.349399
148  1.596165   1.402836
148  2.896449   1.637766
148  3.684157   1.230104
148  3.684575   1.229597
148  3.684575   1.229597
148  3.840999   1.685129
148  3.960285   1.756542
148  4.132938   1.460472
148  4.451185   0.178468
148  4.451185   0.178468
148  4.123639   0.904674
148  3.762455   1.069294
148  3.273820   0.431359
148  2.655671   -1.464425
148  2.017192   -0.951782
148  0.688466   -0.732464
148  -0.830830   -1.450781
148  -0.830830   -1.450781
149  0.006052   0.007103
149  1.954027   0.950298
149  3.642352   0.603857
149  4.638321   -0.287127
149  4.973038   0.977546
149  5.157320   1.264813
149  5.309063   1.164567
149  5.574512   0.400042
149  5.223585   1.487322
149  4.857744   1.954972
149  4.402675   1.708446
149  3.687430   0.019215
149  3.687430   0.019215
149  1.552495   0.986961
149  -1.057248   0.485624
149  -2.557703   -0.770999
150  0.347302   0.179338
150  0.756463   0.140756
150  1.217166   -0.184023
150  1.513999   0.675253
150  2.013842   1.338202
150  2.605847   1.194820
150  3.429505   -0.296579
150  3.010999   1.834439
150  2.613319   2.762214
150  2.305789   2.631200
150  2.014538   1.703562
150  2.014538   1.703562
150  0.621376   2.568211
150  -0.215514   2.473363
150  -0.833033   1.950137
151  0.000000   -0.000000
151  0.000000   0.000000
151  0.811933   0.539453
151  1.516655   0.472261
151  2.254006   -0.158244
151  2.431775   0.895533
151  2.600882   1.363194
151  2.803121   1.282934
151  3.143532   0.071346
151  2.725066   1.218527
151  2.123552   1.987823
151  1.594497   1.890724
151  1.045771   0.987523
151  -0.425584   1.751702
151  -1.633248   1.661692
151  -2.211213   1.275361
152  0.000000   -0.000000
152  0.050185   0.065265
152  0.930971   0.546635
152  2.009582   0.322881
152  3.219986   -0.840823
152  3.518501   0.737106
152  3.766278   1.287510
152  3.955612   1.127867
152  4.114056   0.508708
152  3.536673   1.986997
152  3.185454   2.364894
152  2.949586   2.268563
152  2.599370   1.605684
152  1.604497   2.036555
152  -0.067403   1.761709
152  -0.776908   1.221156
153  0.284742   0.338642
153  2.282132   1.261018
153  4.711173   0.615582
153  6.955392   -1.613425
153  7.629026   1.326644
153  8.167714   2.239548
153  8.649068   1.770166
153  9.205603   -0.258364
153  8.119130   2.581423
153  7.300501   3.412246
153  6.564409   2.982387
153  5.623549   0.928632
153  5.623549   0.928632
153  3.189225   1.879270
153  1.432179   1.484456
153  1.178752   1.271598
154  0.038369   0.029997
154  1.771168   0.389680
154  3.190268   -0.130640
154  3.675838   0.760963
154  4.189861   1.011562
154  4.966630   0.342643
154  6.092546   -2.145446
154  5.803714   -0.624410
154  5.524309   -0.233745
154  5.212384   -1.004127
154  4.827952   -3.440552
154  3.009658   -1.473521
154  1.478626   -1.033771
154  0.177983   -1.693653
154  -0.404770   -2.452354
155  0.265475   0.238075
155  1.534136   0.577652
155  2.744231   0.140257
155  2.747655   0.136865
155  3.201009   1.233079
155  3.531281   1.471439
155  3.850979   1.159863
155  4.228822   0.150685
155  4.056229   0.750039
155  3.921446   0.889739
155  3.756739   0.659203
155  3.432163   -0.585811
155  2.694314   0.159873
155  1.156715   0.623676
155  -0.584375   -0.085533
155  -1.003241   -0.553119
156  0.010475   0.007002
156  2.697487   0.354731
156  4.860673   -0.531366
156  6.161806   1.355421
156  7.154030   1.633978
156  8.048483   0.839139
156  8.661052   -0.421528
156  8.660666   -0.415568
156  8.482836   1.106966
156  8.367844   1.297571
156  8.240489   0.629385
156  8.057286   -1.596691
156  6.594707   -0.012441
156  5.336459   0.251419
156  4.012080   -0.627678
156  3.611252   -1.243857
157  0.353567   0.086314
157  0.716066   0.001004
157  1.562388   1.177456
157  2.372327   1.557305
157  3.201540   1.182410
157  4.047527   0.020700
157  4.105268   1.037914
157  4.154381   1.329820
157  4.202545   1.053855
157  4.259555   0.061718
157  3.426076   1.437423
157  2.789694   1.791802
157  2.241545   1.497540
157  1.635301   0.509046
157  0.892179   0.706696
157  -0.025179   0.471484
158  1.133353   0.218420
158  1.535416   0.103102
158  4.325726   3.707206
158  6.363339   4.461705
158  7.715660   3.716470
158  8.378077   2.741100
158  8.454139   3.990469
158  8.485980   4.140407
158  8.529255   3.837142
158  8.615435   2.223432
158  7.998754   3.168619
158  7.263903   3.491505
158  6.264516   2.837984
158  4.929709   0.505765
158  2.936650   0.924111
158  0.897631   0.287150
159  0.251684   0.005162
159  1.503185   1.126982
159  2.383717   1.160539
159  3.378057   0.345022
159  3.378074   0.344994
159  3.454063   1.285745
159  3.588495   2.135962
159  3.698463   2.165532
159  3.815265   1.489632
159  3.904498   0.432909
159  3.891705   0.464235
159  3.202765   1.326090
159  2.553747   1.360609
159  1.730932   0.418804
159  1.520850   -0.073294
159  1.099190   0.166715
159  -0.725836   0.210880
159  -1.589097   -0.238705
160  0.000000   0.000000
160  1.950832   1.315224
160  3.634957   1.198254
160  4.936508   0.139969
160  5.223705   1.728349
160  5.463315   2.358489
160  5.622240   2.315432
160  5.812335   1.712504
160  5.541938   2.499268
160  5.207832   2.961525
160  4.851438   2.910727
160  4.262205   1.927511
160  3.002070   2.617697
160  1.324067   2.523016
160  0.173895   1.763261
161  0.038847   0.010875
161  0.157705   -0.012555
161  0.433574   0.386773
161  0.888742   0.630423
161  1.645018   0.345356
161  2.753652   -1.083856
161  2.858427   0.644165
161  2.946682   1.182428
161  3.028917   0.829258
161  3.120395   -0.514386
161  2.174350   1.146607
161  1.446521   1.619163
161  0.881826   1.360991
161  0.341530   0.516161
161  -0.336718   0.725216
161  -1.119427   0.555336
162  0.043953   0.040954
162  0.927831   0.313414
162  1.760744   0.050832
162  1.792090   0.021405
162  2.060995   0.686915
162  2.404430   0.968107
162  2.908651   0.545892
162  3.667383   -1.345997
162  3.232238   0.295357
162  2.877525   0.737995
162  2.579122   0.357167
162  2.337658   -0.560474
162  1.700378   0.121631
162  0.948480   0.387876
162  0.406435   0.191579
162  0.021976   -0.223014
163  0.000000   0.000000
163  2.434087   1.853273
163  4.113954   1.864283
163  5.133444   1.101424
163  5.393321   2.708585
163  5.684156   3.611781
163  5.834071   3.615788
163  5.948951   3.265168
163  6.027745   2.782091
163  5.922404   3.095478
163  5.549968   3.651863
163  5.241837   3.655826
163  4.842555   3.069603
163  4.676858   2.580924
163  3.717831   3.158381
163  2.100622   3.166763
163  0.627738   2.295167
164  0.107992   0.058287
164  0.868719   0.063988
164  1.172065   -0.095191
164  1.189640   -0.054915
164  1.777284   0.623143
164  2.448882   0.633904
164  3.397300   -0.430043
164  3.480240   -0.617459
164  3.440223   0.047871
164  3.373023   0.610420
164  3.303617   0.618489
164  3.208751   -0.153601
164  3.127785   -1.480933
164  3.127785   -1.480933
164  2.120567   -0.569893
164  1.329982   -0.559963
164  0.505846   -1.284700
164  0.505843   -1.284706
165  1.065406   0.135667
165  1.209934   0.083968
165  3.109564   2.343054
165  4.595909   2.710603
165  5.843859   1.843707
165  6.448827   0.853619
165  6.448844   0.854261
165  6.537776   2.675810
165  6.601606   2.947665
165  6.674130   2.079957
165  6.772783   -0.700840
165  5.528064   0.973878
165  4.435785   1.279466
165  3.343123   0.420724
165  2.610766   -0.935313
165  2.610766   -0.935313
165  1.125495   -0.734152
165  0.485300   -0.977723
166  0.032160   0.023854
166  2.331153   0.434537
166  4.757070   -0.498137
166  5.881283   1.410458
166  6.829003   1.797953
166  7.811357   0.933505
166  8.790822   -1.190780
166  8.790822   -1.190780
166  8.570041   0.106882
166  8.445068   0.283785
166  8.325012   -0.081969
166  8.146363   -1.423369
166  6.807187   0.017686
166  5.734765   0.295612
166  4.801224   -0.225082
166  4.453608   -0.702941
167  1.265344   0.979854
167  2.607076   1.139668
167  3.802293   0.498845
167  3.803200   0.502608
167  4.164979   1.315276
167  4.362939   1.383674
167  4.518029   1.142466
167  4.645727   0.701131
167  4.644400   0.707244
167  4.486473   1.101064
167  4.379538   1.142081
167  4.198269   0.829108
167  3.854064   -0.491500
167  3.328530   -0.070128
167  2.066729   0.085487
167  0.036969   -1.041318
167  0.036969   -1.041318
168  0.004303   0.005738
168  0.957211   0.562999
168  2.227358   0.354710
168  3.669561   -0.961698
168  3.956756   0.562913
168  4.218298   1.171762
168  4.431254   1.032747
168  4.649389   0.240154
168  4.003484   1.971287
168  3.495970   2.567767
168  3.172598   2.461192
168  2.853638   1.876078
168  1.805396   2.367918
168  0.442252   2.188566
168  -0.280856   1.658997
169  0.005871   -0.000493
169  0.071939   0.096260
169  1.656836   1.136415
169  2.811742   0.961037
169  3.724247   0.085030
169  3.989034   2.106189
169  4.163605   2.703366
169  4.275066   2.615142
169  4.377351   2.103326
169  4.032242   2.923374
169  3.745118   3.229133
169  3.508607   3.170856
169  3.063886   2.478113
169  2.092267   2.925773
169  -0.007022   2.701975
169  -0.567521   2.324227
170  1.250751   0.901705
170  2.171970   0.939685
170  2.955042   0.439714
170  3.051722   0.862488
170  3.374625   1.589282
170  3.676765   1.628173
170  4.076194   0.831961
170  4.372620   -0.387971
170  4.268973   0.015949
170  3.806394   0.943838
170  3.444419   0.985362
170  3.127272   0.421956
170  2.976584   -0.130716
170  2.094270   0.481432
170  1.381608   0.509709
170  0.669362   0.072073
171  0.018180   0.004467
171  0.069172   -0.006516
171  1.226942   1.511948
171  2.350614   2.024264
171  3.396829   1.606113
171  4.721686   -0.056966
171  4.945950   1.980113
171  5.134109   2.574254
171  5.348770   1.980057
171  5.656002   -0.690950
171  4.331891   1.750801
171  3.170342   2.495416
171  2.134855   1.913512
171  1.160709   0.194164
171  -1.567057   0.987914
171  -3.674682   0.450285
172  0.188072   0.230703
172  1.060418   0.641509
172  2.164841   0.326932
172  3.266323   -0.819255
172  3.584395   0.778188
172  3.884329   1.356477
172  4.177875   1.014153
172  4.514101   -0.418305
172  3.582250   1.816421
172  2.910704   2.434682
172  2.422577   2.162867
172  1.933326   1.167557
172  1.933326   1.167557
172  1.184337   1.445885
172  0.297669   1.246595
172  0.189291   1.157602
173  0.000000   0.000000
173  0.001041   -0.000187
173  0.872525   1.141507
173  2.631519   2.006475
173  4.538212   1.383789
173  6.334669   -0.672970
173  6.677471   1.798889
173  6.927632   2.475976
173  7.118808   2.132330
173  7.264997   1.211098
173  6.710722   2.351672
173  6.436944   2.563139
173  6.270172   2.477590
173  6.002150   1.995593
173  5.172368   2.276039
173  3.878339   1.985582
173  3.878002   1.985316
174  1.433122   0.725342
174  3.186856   0.572237
174  4.140205   -0.076739
174  4.688355   1.405718
174  5.453761   2.358550
174  6.119111   2.215680
174  6.821872   1.039024
174  6.536273   2.719597
174  6.302334   3.353242
174  6.060595   3.240299
174  5.662167   1.788824
174  5.662127   1.788880
174  4.417259   2.596351
174  2.828451   2.418587
174  0.753533   0.608410
175  0.075963   0.009188
175  0.075963   0.009188
175  1.466998   1.498660
175  2.471375   1.723082
175  3.162585   1.291852
175  3.323251   1.055482
175  3.323258   1.055577
175  3.419060   1.727451
175  3.467183   1.797878
175  3.540164   1.499661
175  3.709860   -0.135504
175  3.250695   0.572283
175  2.698616   0.749869
175  1.859563   -0.003707
175  0.927548   -1.977644
175  0.895241   -1.955209
175  -1.633420   -1.588783
175  -3.544500   -2.362005
176  0.024072   0.004468
176  0.024442   0.004367
176  0.567932   0.651722
176  1.120668   0.841332
176  1.944756   0.425146
176  2.903844   -0.872588
176  3.056096   0.321015
176  3.228381   0.710006
176  3.448080   -0.020270
176  3.748992   -2.700139
176  2.613685   -0.757591
176  1.689405   -0.302124
176  0.792290   -0.952957
176  -0.276962   -3.031293
176  -0.276962   -3.031293
176  -2.375699   -2.565063
176  -4.444213   -3.241565
177  0.027992   -0.001729
177  0.038379   0.014187
177  1.189544   0.831329
177  2.015013   0.738428
177  2.816431   -0.010838
177  2.996486   1.542410
177  3.164621   2.214351
177  3.327364   2.111233
177  3.533382   1.026819
177  3.094323   2.070201
177  2.341249   2.899280
177  1.656313   2.779725
177  0.853084   1.615024
177  -0.249554   2.148505
177  -1.680775   2.038718
177  -2.080649   1.783903
178  0.008049   0.000895
178  0.008049   0.000895
178  1.494233   1.519853
178  3.138620   1.852737
178  4.881473   0.777085
178  5.162801   0.372875
178  5.162920   0.374093
178  5.424246   1.854757
178  5.594529   2.045859
178  5.782622   1.402307
178  6.055520   -0.771382
178  4.982509   0.944231
178  4.014011   1.250942
178  2.867921   0.144390
178  1.798914   -2.258407
178  1.575350   -2.101780
178  -1.090476   -1.731857
178  -2.902479   -2.498442
179  0.408295   0.448412
179  1.212141   0.736519
179  2.247517   0.341591
179  3.026034   -0.531344
179  3.453220   1.272034
179  3.826867   1.786800
179  4.217526   1.214025
179  4.665581   -0.717113
179  3.917196   0.996327
179  3.444413   1.349576
179  3.128655   1.098495
179  2.816391   0.368575
179  2.805997   0.377935
179  2.063356   0.596191
179  0.826594   0.209368
179  0.821353   0.204549
180  0.011528   0.011913
180  0.756717   0.298962
180  1.418585   0.124876
180  1.718635   -0.148544
180  2.004752   0.691995
180  2.255125   0.966159
180  2.603893   0.705386
180  3.158105   -0.730258
180  2.767155   0.632603
180  2.366243   1.153543
180  1.964384   0.796996
180  1.521339   -0.564868
180  1.320384   -0.345033
180  -0.233867   0.288732
180  -1.619903   -0.097177
180  -2.441772   -0.889965
181  1.458289   1.105276
181  2.516225   1.213242
181  3.071810   0.905548
181  3.076029   0.922879
181  3.418264   1.676642
181  3.739711   1.771970
181  4.199515   1.031984
181  4.741042   -0.871622
181  4.734717   -0.842939
181  4.346723   0.100362
181  3.978291   0.220972
181  3.571343   -0.501974
181  3.210904   -1.900608
181  1.464858   -0.532948
181  -0.140891   -0.363592
181  -1.247090   -0.996728
182  0.012572   0.016112
182  0.993774   0.553674
182  2.062962   0.354969
182  3.060780   -0.562576
182  3.509522   1.597038
182  3.842526   2.282143
182  4.090456   2.109113
182  4.317639   1.324618
182  3.968552   2.281758
182  3.746954   2.541496
182  3.554837   2.465109
182  3.294648   1.953233
182  2.455565   2.335960
182  1.255139   2.150221
182  0.705181   1.729184
183  0.731486   0.366610
183  1.744331   0.297610
183  2.145055   0.042174
183  2.357864   0.571116
183  2.667132   0.931005
183  2.932075   0.889097
183  3.280056   0.374076
183  3.096669   1.790288
183  2.934165   2.377834
183  2.807290   2.315481
183  2.655247   1.616317
183  2.654772   1.617036
183  1.838649   2.194818
183  0.931073   2.107481
183  -0.368294   0.937502
184  0.000000   0.000000
184  1.616236   0.559129
184  3.281933   0.158614
184  3.310494   0.134999
184  3.904524   1.474043
184  4.472153   1.948814
184  5.083448   1.593440
184  5.835647   0.089718
184  5.582488   1.455731
184  5.421605   1.777843
184  5.280206   1.581075
184  5.066350   0.557706
184  4.406270   1.368341
184  3.015660   2.002017
184  1.455239   1.507799
184  -0.055554   -0.137642
185  1.273104   0.647518
185  2.883407   0.527766
185  3.562465   0.081390
185  3.970980   1.150715
185  4.523181   1.824199
185  4.951414   1.747834
185  5.496308   0.888924
185  5.154532   3.136968
185  4.880363   3.977213
185  4.690898   3.892314
185  4.526604   3.241559
185  4.526566   3.241615
185  3.845182   3.704352
185  3.235554   3.643819
185  2.492636   2.991756
186  1.045062   0.500370
186  3.218948   0.380440
186  3.379337   0.285950
186  3.775107   1.146006
186  4.739374   2.136669
186  5.567560   2.038630
186  6.681419   0.630569
186  6.601094   1.828208
186  6.501520   2.530083
186  6.376890   2.428859
186  6.193304   0.836578
186  6.150466   0.908658
186  4.110209   2.531657
186  2.305930   2.366278
186  0.489855   0.588695
187  0.049035   0.035926
187  1.337876   0.254913
187  2.132559   -0.057262
187  2.544218   0.632494
187  2.778262   0.723438
187  3.132197   0.405467
187  3.815886   -1.088639
187  3.815886   -1.088639
187  3.637897   -0.049402
187  3.462118   0.188616
187  3.240329   -0.505719
187  2.939532   -2.796376
187  1.034639   -0.768508
187  -0.597454   -0.365571
187  -1.975055   -1.151893
187  -2.411859   -1.758381
188  1.631309   0.777843
188  3.330927   0.544280
188  4.217308   -0.121980
188  4.688721   1.211351
188  5.054967   1.664054
188  5.355778   1.556895
188  5.669819   0.944974
188  5.438985   2.047254
188  5.274078   2.391395
188  5.138930   2.310111
188  4.951650   1.694004
188  4.950445   1.695565
188  4.151557   2.147582
188  3.081802   1.973140
188  1.674371   0.717793
189  0.419646   0.068606
189  0.468396   0.053363
189  1.485424   1.295164
189  2.033315   1.466150
189  2.456963   1.213296
189  2.727274   0.806267
189  2.803359   1.826349
189  2.873412   2.066409
189  2.962120   1.485046
189  3.095135   -0.714250
189  2.511388   0.157247
189  1.674205   0.476701
189  0.607075   -0.302058
189  -0.385869   -2.130191
189  -0.385869   -2.130191
189  -2.544441   -1.740075
189  -3.838379   -2.187313
190  0.006145   -0.000204
190  0.006146   -0.000203
190  1.439322   1.071525
190  2.564172   1.003960
190  3.417473   0.263354
190  3.576183   1.548391
190  3.702868   2.041456
190  3.797536   2.011861
190  3.930376   1.411781
190  3.741314   1.889453
190  3.368693   2.341997
190  2.926398   2.298850
190  2.140073   1.190451
190  1.007238   1.785517
190  -0.930634   1.703752
190  -1.862941   1.135348
191  0.030259   0.036341
191  2.129789   1.077841
191  4.016399   0.683774
191  5.729241   -0.881447
191  6.331680   1.570692
191  6.805637   2.367519
191  7.266014   2.041615
191  7.873441   0.160391
191  7.077224   2.493425
191  6.500054   3.191956
191  6.046971   2.961063
191  5.434575   1.595736
191  5.434575   1.595736
191  3.980093   2.242941
191  2.520021   1.969377
191  1.467093   1.106293
192  1.435420   0.866415
192  3.332324   0.848509
192  4.910689   -0.133988
192  5.177767   0.705722
192  5.685214   1.497255
192  5.990983   1.489795
192  6.344071   0.921809
192  6.194916   1.724495
192  6.023176   2.183025
192  5.816784   2.174406
192  5.465711   1.207759
192  3.991531   2.268179
192  2.585362   2.252360
192  1.423689   1.390597
193  0.448075   0.205757
193  1.710364   0.129360
193  1.723345   0.121828
193  2.016174   0.718688
193  2.867080   1.532258
193  3.645749   1.434133
193  4.512952   0.386419
193  4.475880   1.306349
193  4.434643   1.786362
193  4.397009   1.728623
193  4.355088   1.112013
193  4.300356   1.207831
193  3.672131   1.723739
193  3.163402   1.668676
193  2.666823   1.153382
194  1.103095   0.690490
194  3.844083   0.840714
194  6.092406   -0.320193
194  6.099928   -0.299197
194  7.334542   1.502866
194  8.467216   1.647621
194  9.700462   0.162769
194  10.260585   -1.257613
194  10.156895   -0.385311
194  9.834743   1.031787
194  9.617164   1.115586
194  9.401431   0.332787
194  9.152668   -1.568322
194  7.642474   -0.243331
194  6.126628   -0.126885
194  4.139439   -1.565068
194  4.139413   -1.565108
195  0.111227   0.093416
195  0.948103   0.286543
195  1.836107   -0.049411
195  1.836107   -0.049411
195  2.152009   0.629313
195  2.425097   0.790532
195  2.766232   0.460373
195  3.268952   -0.809497
195  3.010259   0.186259
195  2.821653   0.385738
195  2.654785   0.096406
195  2.436590   -0.891021
195  1.189769   0.374757
195  -0.346395   0.803268
195  -1.871718   0.105728
195  -2.249268   -0.344902
196  0.000000   -0.000000
196  0.396622   0.292596
196  0.788773   0.280559
196  1.366560   -0.181157
196  1.489246   0.209663
196  1.575267   0.198261
196  1.759921   -0.438910
196  1.080468   0.494806
196  0.438158   0.458080
196  -0.435454   -0.842355
196  -1.510688   -0.234637
196  -2.746805   -0.263706
196  -3.408748   -0.668967
197  1.025078   0.709576
197  2.003817   0.710495
197  2.904742   0.088552
197  3.082158   0.883619
197  3.346379   1.476054
197  3.510633   1.476554
197  3.659078   1.144613
197  3.771115   0.643220
197  3.674240   0.993560
197  3.323495   1.628217
197  2.863971   1.629345
197  2.187064   0.407837
197  1.871163   -0.733055
197  0.295037   0.282950
197  -1.706202   0.284699
197  -3.508491   -0.873944
198  0.485913   0.280738
198  1.068260   0.228299
198  1.813603   -0.336555
198  2.154231   0.940590
198  2.496774   1.536330
198  2.798732   1.454480
198  3.151514   0.649684
198  2.922610   1.499250
198  2.630191   2.002666
198  2.328608   1.921746
198  1.913836   0.985110
198  0.374782   1.871292
198  -1.285317   1.722311
198  -2.872465   0.523570
199  1.043895   0.547460
199  2.749485   0.441624
199  3.696839   -0.172776
199  4.146769   1.036006
199  4.893039   1.982476
199  5.547728   1.884232
199  6.317789   0.676474
199  6.119692   1.948690
199  5.943487   2.482899
199  5.812288   2.435836
199  5.701882   2.021903
199  5.701882   2.021903
199  4.938628   2.548952
199  4.483407   2.511758
199  4.048044   2.139985
200  0.890084   0.812516
200  2.376832   1.154053
200  4.273441   0.294111
200  4.303057   0.260451
200  4.850640   1.837956
200  5.296576   2.161247
200  5.766523   1.488797
200  6.290845   -0.391835
200  5.650123   1.205066
200  5.231162   1.467840
200  4.897546   1.054844
200  4.598352   0.126419
200  4.043279   0.609269
200  3.337477   0.763775
200  2.737476   0.504533
200  2.737396   0.504447
201  0.077022   0.095252
201  0.559943   0.333769
201  1.027325   0.217450
201  1.431976   -0.183824
201  1.708479   1.145566
201  1.949670   1.608691
201  2.214344   1.352605
201  2.647208   -0.316197
201  2.306755   0.550913
201  1.810697   1.055499
201  1.149189   0.716441
201  0.196764   -1.228693
201  -1.878812   -0.394120
201  -3.969818   -0.817780
201  -4.386475   -1.154153
202  0.000001   -0.000000
202  0.651330   0.846846
202  1.875318   1.467397
202  2.744283   1.218699
202  3.455639   0.450866
202  3.683128   1.881071
202  3.840394   2.266609
202  3.995291   2.052247
202  4.205040   0.957508
202  3.700454   2.076321
202  3.231336   2.481924
202  2.756726   2.250278
202  2.176771   1.182718
202  1.146967   1.561169
202  0.067774   1.337284
202  0.044588   1.319143
203  0.713877   0.342864
203  1.899474   0.233555
203  2.434742   -0.122227
203  2.602735   0.291458
203  2.964168   0.697503
203  3.552596   0.570604
203  4.482383   -0.874979
203  4.264631   0.706376
203  4.029012   1.487005
203  3.835905   1.364190
203  3.665796   0.584225
203  3.653164   0.602760
203  2.403341   1.439435
203  1.683183   1.346890
203  1.092332   0.799496
204  0.000000   0.000000
204  0.527325   -0.014838
204  0.528992   -0.011978
204  1.756803   1.008970
204  2.899063   0.948398
204  4.076223   -0.155277
204  4.219696   1.977252
204  4.372337   3.076598
204  4.490663   3.022251
204  4.613024   2.028581
204  4.389223   2.527946
204  3.629450   3.349388
204  2.994060   3.305579
204  2.201000   2.338787
204  1.598190   2.641905
204  0.179814   2.596421
204  0.000075   2.494513
205  2.021371   0.713965
205  3.774671   0.317249
205  3.800601   0.296356
205  4.474538   1.791094
205  5.110991   2.325668
205  5.893030   1.904881
205  7.033264   -0.279872
205  6.613459   2.183385
205  6.271320   2.943646
205  5.958541   2.498410
205  5.621203   0.788428
205  4.591036   2.089594
205  2.818265   2.937550
205  1.603984   2.565473
205  0.792757   1.680295
206  0.046173   0.021950
206  1.198397   -0.010839
206  1.200154   -0.011774
206  1.275273   0.136480
206  2.314390   1.132084
206  3.060512   1.089291
206  3.704103   0.398825
206  3.694267   1.652821
206  3.686062   2.160659
206  3.680293   2.139284
206  3.673825   1.690999
206  3.660112   1.717250
206  3.290147   2.061078
206  2.819480   2.034894
206  1.951572   1.131735
207  0.001801   0.001184
207  2.278952   0.289186
207  3.511248   -0.209194
207  4.066877   0.569456
207  4.522537   0.692309
207  5.045939   0.241055
207  5.470270   -0.605030
207  5.470116   -0.602064
207  5.396327   0.182685
207  5.336632   0.304825
207  5.278657   -0.074499
207  5.214900   -1.039255
207  4.482910   -0.227410
207  3.819752   -0.085905
207  2.976319   -0.661406
207  2.607578   -1.243297
208  1.763559   0.893274
208  3.142483   0.700476
208  3.885768   0.116140
208  4.304313   1.480486
208  4.640581   1.962090
208  4.903024   1.858336
208  5.253535   1.079191
208  5.016219   2.013995
208  4.838430   2.321689
208  4.688619   2.250120
208  4.469494   1.661524
208  4.469494   1.661524
208  3.499092   2.184977
208  2.646270   2.057992
208  1.710789   1.274790
209  0.000617   -0.000005
209  1.882284   1.464595
209  4.278175   1.427400
209  7.409348   -1.106975
209  7.758562   1.556698
209  8.309462   3.636980
209  8.780236   3.601524
209  9.252467   1.747176
209  8.809339   2.932533
209  7.558626   4.588832
209  6.938671   4.572457
209  6.561644   4.053250
209  5.983013   4.379226
209  4.895893   4.367011
209  3.947746   3.811557
210  0.000000   0.000000
210  0.005257   -0.000911
210  0.799326   1.060294
210  2.383129   1.867943
210  4.235302   1.281677
210  6.278973   -1.054242
210  6.597895   1.401914
210  6.864844   2.186388
210  7.111678   1.736142
210  7.388045   -0.084238
210  5.976369   2.805114
210  4.953773   3.603751
210  4.276682   3.275516
210  3.741036   2.337849
210  2.683674   2.702313
210  1.524033   2.454202
210  1.523658   2.453912
211  0.002661   0.001822
211  1.077318   0.157356
211  1.847120   -0.147072
211  2.249473   0.452264
211  2.646347   0.577184
211  3.268081   0.042456
211  3.990679   -1.427943
211  3.990676   -1.427902
211  3.892455   -0.590985
211  3.802248   -0.428570
211  3.692713   -0.967452
211  3.552876   -2.595153
211  2.391880   -1.313777
211  1.514460   -1.109147
211  0.628565   -1.673685
211  0.263883   -2.223525
212  0.084345   0.010241
212  0.084359   0.010236
212  1.070562   1.087782
212  2.156054   1.333720
212  3.578443   0.424124
212  4.173035   -0.471056
212  4.173051   -0.470825
212  4.352870   0.995982
212  4.505186   1.253621
212  4.674982   0.442985
212  4.879432   -1.854994
212  3.652189   -0.023414
212  2.716146   0.266268
212  1.915718   -0.432895
212  1.433087   -1.425401
212  1.425273   -1.420059
212  0.165568   -1.241473
212  -0.353438   -1.449147
213  0.000000   -0.000000
213  0.000002   0.000004
213  0.889873   0.604097
213  1.687223   0.530535
213  2.769916   -0.404232
213  2.928674   0.601482
213  2.995713   0.800311
213  3.074009   0.768752
213  3.286793   -0.033879
213  2.963388   0.830938
213  2.346721   1.602990
213  1.701235   1.493163
213  0.945473   0.289785
213  -0.574849   1.075627
213  -2.104785   0.968154
213  -2.708848   0.571051
214  2.482310   0.727516
214  5.297103   0.009175
214  5.297103   0.009175
214  6.551722   2.346012
214  7.566903   3.004675
214  8.363385   2.554695
214  8.934533   1.538776
214  8.808650   2.635589
214  8.765265   2.767265
214  8.733069   2.682178
214  8.658898   2.065029
214  8.195928   2.669088
214  7.625293   2.928439
214  6.808740   2.605283
214  5.766136   1.306191
215  0.590100   0.314244
215  1.363353   0.289837
215  1.911554   -0.036700
215  2.119344   0.486038
215  2.725051   1.225996
215  3.338163   1.181601
215  3.950522   0.344837
215  3.772431   1.868461
215  3.575668   2.685916
215  3.456116   2.656477
215  3.363192   2.224660
215  3.363192   2.224660
215  2.288876   3.051075
215  1.675470   3.023107
215  1.106785   2.533791
216  0.191959   0.081864
216  1.352726   -0.007854
216  1.352726   -0.007854
216  1.731774   0.702688
216  2.835627   1.651332
216  3.769651   1.505853
216  4.734709   0.375864
216  4.720199   2.171404
216  4.709799   2.761391
216  4.702754   2.688957
216  4.693845   2.000358
216  4.431425   2.477810
216  3.440567   3.304306
216  2.474732   3.158297
216  1.399157   1.935937
217  0.655630   0.446077
217  2.080245   0.588186
217  3.265539   0.018208
217  3.265539   0.018209
217  3.830753   0.935197
217  4.422358   1.075916
217  5.297896   0.071979
217  6.156526   -2.101355
217  6.144990   -2.011145
217  5.821854   -0.647738
217  5.522278   -0.462419
217  5.197302   -1.431530
217  4.869436   -3.589798
217  2.904450   -1.787709
217  1.445663   -1.591563
217  0.025193   -2.512287
217  0.016198   -2.525157
218  0.000000   -0.000000
218  0.172990   0.966091
218  0.301113   1.237702
218  0.437558   1.054211
218  0.629437   0.131358
218  0.331380   0.806705
218  0.037287   1.059656
218  -0.312970   0.868549
218  -0.802580   -0.086847
218  -1.608445   0.201269
218  -2.744505   -0.056390
218  -2.784057   -0.088471
219  0.000000   0.000000
219  1.308422   0.741466
219  2.416450   0.606324
219  3.812261   -0.525147
219  4.347873   1.634423
219  4.908426   2.654695
219  5.438784   2.446934
219  6.066790   0.811863
219  5.304941   3.346621
219  4.659263   4.316382
219  4.225521   4.176173
219  3.835442   3.338111
219  2.163332   4.227041
219  0.674431   4.056683
219  -0.623041   3.070007
220  0.935767   0.303064
220  2.084638   0.052385
220  2.084638   0.052385
220  2.727394   1.267795
220  3.418968   1.756896
220  4.263564   1.354466
220  5.467811   -0.644801
220  5.280408   1.284202
220  5.134663   1.845294
220  5.008152   1.517161
220  4.873169   0.297289
220  4.018328   1.479413
220  2.958945   2.027330
220  1.946211   1.674442
220  0.985957   0.508590
221  0.726924   0.777703
221  1.617048   1.087962
221  2.286966   0.838256
221  2.620060   0.473838
221  2.802102   1.172647
221  3.041791   1.472412
221  3.376583   1.024653
221  3.884034   -0.967336
221  3.353319   0.315519
221  2.845943   0.715091
221  2.334679   0.284521
221  1.791982   -1.056955
221  1.731074   -1.000968
221  0.144780   -0.525914
221  -1.531056   -1.062606
221  -1.554857   -1.084979
222  0.000000   -0.000000
222  0.004634   0.006254
222  1.102319   0.661170
222  2.255373   0.480846
222  3.349569   -0.514228
222  3.746504   1.654898
222  4.016009   2.305951
222  4.183250   2.200052
222  4.373714   1.498732
222  3.887712   2.794933
222  3.581185   3.156333
222  3.276076   3.062042
222  2.623692   1.889646
222  1.380737   2.478644
222  -0.828052   2.204291
222  -2.061758   1.313198
223  1.084835   0.594514
223  4.321040   0.607176
223  5.387797   0.030918
223  5.486035   0.266257
223  6.667066   1.685968
223  7.585359   1.693849
223  8.678028   0.399114
223  8.813556   0.076770
223  8.646067   2.150223
223  8.433562   3.470304
223  8.256502   3.478157
223  8.035098   2.122430
223  7.860209   -0.027119
223  7.860209   -0.027119
223  6.109551   1.490128
223  4.571615   1.499644
223  2.924665   0.092661
223  2.924665   0.092661
224  0.596329   0.493295
224  1.650024   0.679291
224  2.946353   0.064595
224  2.946353   0.064595
224  2.946353   0.064595
224  3.518993   1.420734
224  3.946232   1.636640
224  4.346476   1.093300
224  4.739001   -0.170785
224  4.739001   -0.170785
224  4.361847   0.864344
224  4.092818   1.021903
224  3.804707   0.568629
224  3.453304   -0.742868
224  2.770165   -0.149333
224  1.773106   0.035521
224  0.685192   -0.506301
224  0.685056   -0.506462
225  0.026141   0.020777
225  1.806083   0.410052
225  2.941527   0.004230
225  3.716078   1.456557
225  4.200335   1.706405
225  4.573676   1.391614
225  4.919842   0.629255
225  4.831764   1.089134
225  4.758008   1.195100
225  4.658331   0.961068
225  4.459676   -0.257189
225  3.899699   0.353899
225  2.972727   0.632244
225  1.656212   -0.013800
225  0.944602   -0.925885
226  1.040315   0.566776
226  2.388431   0.472753
226  3.505031   -0.291336
226  3.811890   0.631659
226  4.315878   1.344028
226  4.846939   1.247935
226  5.509336   0.071945
226  5.175451   1.761492
226  4.884232   2.453991
226  4.684229   2.393108
226  4.499446   1.841207
226  4.499446   1.841207
226  3.057415   2.772422
226  2.039325   2.688259
226  1.401877   2.171225
227  0.000000   0.000000
227  1.446793   1.429299
227  3.347828   1.834939
227  5.585286   0.579385
227  5.863885   0.207266
227  5.863885   0.207266
227  6.334556   2.269534
227  6.671996   2.588878
227  6.994768   1.785559
227  7.380938   -0.502105
227  6.243631   1.544219
227  5.416041   1.865841
227  4.557449   0.988340
227  3.638929   -1.246116
227  3.184381   -0.906848
227  0.674595   -0.502241
227  -1.481213   -1.416222
228  0.000920   0.000469
228  2.467602   0.033395
228  2.481850   0.026510
228  2.482015   0.026841
228  4.153624   1.720431
228  5.526910   1.756848
228  6.968370   0.372884
228  6.985472   0.339591
228  6.997838   2.189439
228  7.014363   3.441815
228  7.027040   3.466961
228  7.042761   2.337920
228  7.057521   0.188420
228  7.056781   0.189941
228  5.827286   1.469824
228  4.858007   1.496234
228  3.906482   0.557565
228  3.886905   0.518406
228  3.875966   0.524061
228  2.024546   0.549112
228  1.986197   0.530325
229  0.870225   0.130782
229  1.083603   0.059100
229  2.537947   1.860839
229  3.904288   2.260506
229  5.518596   1.204990
229  6.729943   -0.733419
229  6.729943   -0.733419
229  6.803676   0.969486
229  6.862267   1.288984
229  6.918572   0.602658
229  6.985518   -1.394446
229  5.279278   0.973386
229  4.030740   1.382483
229  2.807057   0.486225
229  1.724417   -1.454423
229  1.724417   -1.454423
229  -0.105572   -1.163360
229  -1.296923   -1.586923
230  0.181556   0.023903
230  0.182007   0.023752
230  0.945742   0.885032
230  1.526636   1.028827
230  2.182852   0.613679
230  2.563903   0.037217
230  2.563903   0.037219
230  2.635511   0.711184
230  2.696336   0.836846
230  2.786347   0.361589
230  2.945137   -1.643268
230  2.489098   -0.966899
230  1.950333   -0.791500
230  1.269115   -1.358291
230  0.674910   -2.540526
230  0.674442   -2.540204
230  -0.934380   -2.297450
230  -1.629951   -2.565682
231  0.000000   0.000000
231  1.400432   0.131341
231  1.827618   -0.045687
231  2.769447   1.107120
231  3.498702   1.246186
231  4.184524   0.668302
231  4.459493   0.152480
231  4.457796   0.267455
231  4.436331   1.056159
231  4.422844   1.133361
231  4.409731   0.801661
231  4.395570   0.004202
231  3.933145   0.534859
231  3.506777   0.611087
231  2.872691   0.110170
231  2.582421   -0.400343
232  0.130615   0.104651
232  2.072130   0.515737
232  3.782407   -0.130320
232  4.832990   1.920143
232  5.482796   2.255298
232  5.888802   1.881698
232  6.194210   1.162112
232  5.997118   2.044469
232  5.869737   2.195172
232  5.717857   1.874596
232  5.463293   0.498808
232  4.903657   1.082307
232  4.053254   1.316622
232  2.928136   0.763545
232  2.530009   0.262432
233  0.001488   0.000650
233  0.592066   -0.027824
233  0.592066   -0.027824
233  0.622467   0.026628
233  1.206752   0.522532
233  1.900397   0.457573
233  2.834211   -0.509889
233  2.886643   1.120090
233  2.937254   1.865633
233  2.972024   1.809119
233  2.998310   1.336448
233  2.726147   1.887413
233  1.830609   2.746479
233  1.213120   2.681121
233  0.553834   1.909121
233  0.392933   1.983862
233  -0.982592   1.913361
233  -0.998020   1.904613
234  1.680712   0.904156
234  4.070520   0.739264
234  5.991022   -0.558910
234  6.689275   1.475077
234  7.679829   2.830857
234  8.539441   2.679953
234  9.485889   1.052249
234  9.054013   3.363731
234  8.670901   4.327190
234  8.360716   4.227141
234  7.929413   2.864257
234  7.929413   2.864257
234  5.670881   4.344387
234  3.441049   4.156961
234  0.929471   2.088780
235  0.005944   0.000072
235  1.631689   1.344192
235  2.886379   1.371465
235  4.163006   0.371483
235  4.163006   0.371483
235  4.287474   1.413256
235  4.459103   2.141072
235  4.640425   2.161287
235  4.941257   0.952647
235  5.230169   -1.401069
235  5.140889   -1.162265
235  4.196859   0.117090
235  3.342840   0.147518
235  2.382322   -1.085736
235  2.154903   -1.677826
235  0.719443   -0.839164
235  -1.482006   -0.805349
235  -2.494058   -1.365547
236  0.030987   0.031011
236  1.774938   0.660431
236  3.531561   0.170444
236  3.939231   -0.204119
236  4.512513   1.388902
236  5.075071   1.952661
236  5.724085   1.449995
236  6.620617   -0.837193
236  6.057551   1.177425
236  5.621771   1.739731
236  5.147071   1.266336
236  4.434655   -1.073843
236  3.964174   -0.561811
236  1.936226   0.234135
236  0.121721   -0.316272
236  -0.733334   -1.170613
237  0.000210   -0.000025
237  0.371113   0.512544
237  2.130917   1.540307
237  3.625551   1.220597
237  5.369042   -0.543521
237  5.697715   1.704212
237  5.949361   2.431503
237  6.180548   2.186781
237  6.461948   0.777750
237  5.464479   3.091160
237  4.553096   3.984447
237  3.853402   3.733264
237  3.136990   2.516708
237  1.630465   3.147973
237  -0.407933   2.835137
237  -0.682261   2.635986
238  0.025574   0.015249
238  1.572417   0.122104
238  2.486902   -0.296828
238  2.486902   -0.296828
238  3.581887   1.084062
238  4.645028   1.239391
238  5.813376   0.107382
238  6.276455   -0.857628
238  6.245012   -0.207970
238  6.103884   1.339648
238  6.003707   1.466918
238  5.888059   0.492566
238  5.737456   -2.236477
238  4.362803   -0.827064
238  3.157077   -0.683844
238  1.772697   -1.774349
238  1.657998   -1.968675
239  0.041913   0.031253
239  1.243673   0.243715
239  2.555714   -0.270722
239  3.248621   0.927747
239  3.785150   1.147766
239  4.208293   0.762931
239  4.422684   0.285049
239  4.422684   0.285049
239  4.220079   1.381694
239  4.092745   1.545103
239  3.981982   1.229860
239  3.834285   0.199595
239  3.280724   0.783730
239  2.621051   0.948771
239  1.624154   0.395633
239  1.210614   -0.166743
240  0.881477   0.833797
240  2.545505   1.304957
240  3.819183   0.821441
240  3.891646   0.745906
240  4.391682   2.148457
240  4.640270   2.357172
240  4.827449   2.146466
240  5.052326   1.451374
240  4.910803   1.862604
240  4.812987   1.947683
240  4.691006   1.805435
240  4.436395   0.990141
240  4.251395   1.167207
240  3.520550   1.376591
240  2.287412   0.902922
240  2.140850   0.748338
241  1.997455   0.779420
241  3.962631   0.458334
241  3.978495   0.446960
241  4.951479   2.504067
241  5.568360   3.043288
241  5.954411   2.901990
241  6.352039   2.263351
241  6.212766   3.489657
241  6.080672   3.970526
241  5.915336   3.718505
241  5.647316   1.925733
241  5.073591   2.745188
241  3.284235   3.801841
241  1.489241   3.358003
241  -0.561315   1.133050
242  0.633104   0.273615
242  1.197707   0.178204
242  1.421567   0.005797
242  1.596788   0.459785
242  1.772020   0.649670
242  2.091877   0.514144
242  2.736636   -0.730908
242  2.451369   0.725965
242  2.169087   1.328903
242  1.881796   1.088964
242  1.543824   -0.197456
242  1.431149   -0.052550
242  -0.212994   0.831784
242  -1.634879   0.532743
242  -2.831793   -0.614492
243  0.057725   0.019130
243  0.695545   -0.073594
243  1.552243   1.249703
243  2.901415   2.104265
243  4.153898   1.756259
243  5.452581   0.211990
243  5.625075   3.214169
243  5.740145   4.035408
243  5.829997   3.754102
243  5.925693   2.471937
243  4.937215   4.328289
243  4.248257   4.858846
243  3.758216   4.693303
243  3.146160   3.808443
243  2.769886   3.945909
243  2.099489   3.838470
243  2.099489   3.838470
244  0.150334   -0.005763
244  0.151465   -0.003922
244  1.433564   0.993379
244  2.432111   0.922615
244  3.232449   0.186622
244  3.346820   1.416474
244  3.468086   2.040072
244  3.570400   1.992139
244  3.671667   1.376496
244  3.539829   1.683964
244  3.270850   1.983948
244  3.016112   1.958065
244  2.605035   1.416066
244  2.146922   1.646535
244  1.232078   1.604605
244  0.949523   1.436555
245  0.000000   0.000000
245  2.603737   0.693242
245  5.560578   -0.163214
245  7.261331   2.985356
245  8.590989   3.782522
245  9.706227   3.055136
245  10.635924   1.285014
245  10.351633   3.375564
245  10.192388   3.754792
245  10.065359   3.425691
245  9.868295   1.935316
245  8.541938   3.568472
245  7.035957   4.168986
245  5.192889   3.369457
245  3.362433   1.051441
246  0.288911   0.261355
246  1.333451   0.543796
246  2.237305   0.214951
246  2.245076   0.207195
246  2.414711   0.626730
246  2.572765   0.743570
246  2.854496   0.463341
246  3.426211   -1.096629
246  2.967842   0.447994
246  2.569592   0.849137
246  2.163981   0.299415
246  1.705926   -1.403570
246  0.627833   -0.323148
246  -0.877730   0.127847
246  -1.788710   -0.239328
246  -1.878407   -0.338502
247  1.108170   0.498432
247  2.333730   0.360101
247  2.531470   0.226524
247  2.849743   0.963299
247  3.356374   1.484328
247  4.030351   1.310387
247  5.028924   -0.231987
247  4.812714   1.514989
247  4.610274   2.241671
247  4.436092   2.084768
247  4.265013   1.162441
247  4.171578   1.299945
247  3.248794   1.903257
247  2.742263   1.820151
247  2.319707   1.405229
248  0.032682   0.004530
248  0.032684   0.004530
248  0.311250   0.313059
248  0.746707   0.424787
248  1.574128   -0.067045
248  2.059317   -0.768339
248  2.059317   -0.768339
248  2.175730   0.096942
248  2.299198   0.309538
248  2.439730   -0.251056
248  2.604905   -1.853264
248  1.789031   -0.566001
248  1.232267   -0.362503
248  0.728053   -0.789455
248  0.265366   -1.742147
248  0.262121   -1.739833
248  -0.757801   -1.571325
248  -1.423634   -1.826180
249  0.498409   0.013333
249  0.498409   0.013333
249  0.498409   0.013333
249  1.202750   0.681822
249  1.618836   0.702952
249  1.985287   0.392373
249  1.986376   0.390472
249  2.020689   1.013876
249  2.070936   1.482877
249  2.106031   1.500404
249  2.146838   1.160279
249  2.193673   0.356140
249  2.192212   0.359530
249  1.856159   0.759900
249  1.680708   0.771085
249  1.409062   0.482082
249  1.294301   0.230580
249  1.200767   0.282956
249  -0.390522   0.330633
249  -1.132130   -0.040197
